    0   14    0   42   44  561    1   -1   -1   -1    1   15   -1
    1   15    0   42   44  601    1    0   -1    0    2   16   -1
    2   16    0   42   44  641    1    0   -1    1    3   17   -1
    3   17    0   42   44  681    1    1   -1    2   -1   18   -1
    4   20    0   42   44  801    1   -1   -1   -1    5   21   -1
    5   21    0   42   44  841    1    0   -1    4    6   22   -1
    6   22    0   42   44  881    1    0   -1    5    7   23   -1
    7   23    0   43   44  921    1    0   -1    6    8   24   -1
    8   24    0   43   44  962    1    0   -1    7    9   25   -1
    9   25    0   43   44 1003    1    0   -1    8   10   26   -1
   10   26    0   42   44 1044    1    1   -1    9   -1   27   -1
   11    0    1   42   44    1   43    2   -1   -1   -1   28   -1
   12   11    1   42   44  441   43   -1   -1   -1   13   33   -1
   13   12    1   42   44  481   43    0   -1   12   14   34   -1
   14   13    1   42   44  521   43    0   -1   13   15   35   -1
   15   14    1   42   44  561   43    0    0   14   16   36    0
   16   15    1   42   44  601   43    0    0   15   17   37    1
   17   16    1   42   44  641   43    0    0   16   18   38    2
   18   17    1   42   44  681   43    0    0   17   19   39    3
   19   18    1   42   44  721   43    0   -1   18   20   40   -1
   20   19    1   42   44  761   43    0   -1   19   21   41   -1
   21   20    1   42   44  801   43    0    0   20   22   42    4
   22   21    1   42   44  841   43    0    0   21   23   43    5
   23   22    1   42   44  881   43    0    0   22   24   44    6
   24   23    1   43   44  921   43    0    0   23   25   45    7
   25   24    1   43   44  962   43    0    0   24   26   46    8
   26   25    1   43   44 1003   43    0    0   25   27   47    9
   27   26    1   42   44 1044   43    1    0   26   -1   48   10
   28    0    2   42   44    1   85   -1    0   -1   29   49   11
   29    1    2   42   44   41   85    0   -1   28   30   50   -1
   30    2    2   42   44   81   85    0   -1   29   31   51   -1
   31    3    2   42   44  121   85    0   -1   30   32   52   -1
   32    4    2   42   44  161   85    1   -1   31   -1   53   -1
   33   11    2   42   44  441   85   -1    0   -1   34   60   12
   34   12    2   42   44  481   85    0    0   33   35   61   13
   35   13    2   42   44  521   85    0    0   34   36   62   14
   36   14    2   42   44  561   85    0    0   35   37   63   15
   37   15    2   42   44  601   85    0    0   36   38   64   16
   38   16    2   42   44  641   85    0    0   37   39   65   17
   39   17    2   42   44  681   85    0    0   38   40   66   18
   40   18    2   42   44  721   85    0    0   39   41   67   19
   41   19    2   42   44  761   85    0    0   40   42   68   20
   42   20    2   42   44  801   85    0    0   41   43   69   21
   43   21    2   42   44  841   85    0    0   42   44   70   22
   44   22    2   42   44  881   85    0    0   43   45   71   23
   45   23    2   43   44  921   85    0    0   44   46   72   24
   46   24    2   43   44  962   85    0    0   45   47   73   25
   47   25    2   43   44 1003   85    0    0   46   48   74   26
   48   26    2   42   44 1044   85    1    0   47   -1   75   27
   49    0    3   42   44    1  127   -1    0   -1   50   76   28
   50    1    3   42   44   41  127    0    0   49   51   77   29
   51    2    3   42   44   81  127    0    1   50   52   -1   30
   52    3    3   42   44  121  127    0    1   51   53   -1   31
   53    4    3   42   44  161  127    0    0   52   54   78   32
   54    5    3   42   44  201  127    0   -1   53   55   79   -1
   55    6    3   42   44  241  127    0   -1   54   56   80   -1
   56    7    3   42   44  281  127    0   -1   55   57   81   -1
   57    8    3   42   44  321  127    0   -1   56   58   82   -1
   58    9    3   42   44  361  127    0   -1   57   59   83   -1
   59   10    3   42   44  401  127    0   -1   58   60   84   -1
   60   11    3   42   44  441  127    0    0   59   61   85   33
   61   12    3   42   44  481  127    0    0   60   62   86   34
   62   13    3   42   44  521  127    0    0   61   63   87   35
   63   14    3   42   44  561  127    0    0   62   64   88   36
   64   15    3   42   44  601  127    0    0   63   65   89   37
   65   16    3   42   44  641  127    0    0   64   66   90   38
   66   17    3   42   44  681  127    0    0   65   67   91   39
   67   18    3   42   44  721  127    0    0   66   68   92   40
   68   19    3   42   44  761  127    0    0   67   69   93   41
   69   20    3   42   44  801  127    0    0   68   70   94   42
   70   21    3   42   44  841  127    0    0   69   71   95   43
   71   22    3   42   44  881  127    0    1   70   72   -1   44
   72   23    3   43   44  921  127    0    1   71   73   -1   45
   73   24    3   43   44  962  127    0    1   72   74   -1   46
   74   25    3   43   44 1003  127    0    1   73   75   -1   47
   75   26    3   42   44 1044  127    1    1   74   -1   -1   48
   76    0    4   42   44    1  169   -1    1   -1   77   -1   49
   77    1    4   42   44   41  169    1    1   76   -1   -1   50
   78    4    4   42   44  161  169   -1    1   -1   79   -1   53
   79    5    4   42   44  201  169    0    0   78   80   96   54
   80    6    4   42   44  241  169    0    0   79   81   97   55
   81    7    4   42   44  281  169    0    0   80   82   98   56
   82    8    4   42   44  321  169    0    0   81   83   99   57
   83    9    4   42   44  361  169    0    0   82   84  100   58
   84   10    4   42   44  401  169    0    0   83   85  101   59
   85   11    4   42   44  441  169    0    0   84   86  102   60
   86   12    4   42   44  481  169    0    0   85   87  103   61
   87   13    4   42   44  521  169    0    0   86   88  104   62
   88   14    4   42   44  561  169    0    0   87   89  105   63
   89   15    4   42   44  601  169    0    0   88   90  106   64
   90   16    4   42   44  641  169    0    0   89   91  107   65
   91   17    4   42   44  681  169    0    0   90   92  108   66
   92   18    4   42   44  721  169    0    0   91   93  109   67
   93   19    4   42   44  761  169    0    0   92   94  110   68
   94   20    4   42   44  801  169    0    0   93   95  111   69
   95   21    4   42   44  841  169    1    0   94   -1  112   70
   96    5    5   42   44  201  211   -1    0   -1   97  113   79
   97    6    5   42   44  241  211    0    0   96   98  114   80
   98    7    5   42   44  281  211    0    0   97   99  115   81
   99    8    5   42   44  321  211    0    0   98  100  116   82
  100    9    5   42   44  361  211    0    0   99  101  117   83
  101   10    5   42   44  401  211    0    0  100  102  118   84
  102   11    5   42   44  441  211    0    0  101  103  119   85
  103   12    5   42   44  481  211    0    0  102  104  120   86
  104   13    5   42   44  521  211    0    0  103  105  121   87
  105   14    5   42   44  561  211    0    0  104  106  122   88
  106   15    5   42   44  601  211    0    0  105  107  123   89
  107   16    5   42   44  641  211    0    0  106  108  124   90
  108   17    5   42   44  681  211    0    0  107  109  125   91
  109   18    5   42   44  721  211    0    1  108  110   -1   92
  110   19    5   42   44  761  211    0    0  109  111  126   93
  111   20    5   42   44  801  211    0    0  110  112  127   94
  112   21    5   42   44  841  211    1    1  111   -1   -1   95
  113    5    6   42   44  201  253   -1    1   -1  114   -1   96
  114    6    6   42   44  241  253    0    1  113  115   -1   97
  115    7    6   42   44  281  253    0    0  114  116  128   98
  116    8    6   42   44  321  253    0    0  115  117  129   99
  117    9    6   42   44  361  253    0    0  116  118  130  100
  118   10    6   42   44  401  253    0    0  117  119  131  101
  119   11    6   42   44  441  253    0    0  118  120  132  102
  120   12    6   42   44  481  253    0    0  119  121  133  103
  121   13    6   42   44  521  253    0    0  120  122  134  104
  122   14    6   42   44  561  253    0    0  121  123  135  105
  123   15    6   42   44  601  253    0    0  122  124  136  106
  124   16    6   42   44  641  253    0    0  123  125  137  107
  125   17    6   42   44  681  253    1    1  124   -1   -1  108
  126   19    6   42   44  761  253   -1    1   -1  127   -1  110
  127   20    6   42   44  801  253    1    1  126   -1   -1  111
  128    7    7   42   44  281  295   -1    1   -1  129   -1  115
  129    8    7   42   44  321  295    0    1  128  130   -1  116
  130    9    7   42   44  361  295    0    1  129  131   -1  117
  131   10    7   42   44  401  295    0    0  130  132  138  118
  132   11    7   42   44  441  295    0    0  131  133  139  119
  133   12    7   42   44  481  295    0    0  132  134  140  120
  134   13    7   42   44  521  295    0    0  133  135  141  121
  135   14    7   42   44  561  295    0    0  134  136  142  122
  136   15    7   42   44  601  295    0    1  135  137   -1  123
  137   16    7   42   44  641  295    1    1  136   -1   -1  124
  138   10    8   42   44  401  337   -1    1   -1  139   -1  131
  139   11    8   42   44  441  337    0    1  138  140   -1  132
  140   12    8   42   44  481  337    0    1  139  141   -1  133
  141   13    8   42   44  521  337    0    1  140  142   -1  134
  142   14    8   42   44  561  337    1    1  141   -1   -1  135
