    0   38    0   19   17  647    1   -1   -1   -1    1    7   -1
    1   39    0   19   17  664    1    0   -1    0    2    8   -1
    2   40    0   19   17  681    1    1   -1    1   -1    9   -1
    3   34    1   19   17  579   16   -1   -1   -1    4   20   -1
    4   35    1   19   17  596   16    0   -1    3    5   21   -1
    5   36    1   19   17  613   16    0   -1    4    6   22   -1
    6   37    1   19   17  630   16    0   -1    5    7   23   -1
    7   38    1   19   17  647   16    0    0    6    8   24    0
    8   39    1   19   17  664   16    0    0    7    9   25    1
    9   40    1   19   17  681   16    1    0    8   -1   26    2
   10   50    1   20   17  851   16   -1   -1   -1   11   31   -1
   11   51    1   20   17  869   16    0   -1   10   12   32   -1
   12   52    1   20   17  887   16    0   -1   11   13   33   -1
   13   53    1   20   17  905   16    0   -1   12   14   34   -1
   14   54    1   20   17  923   16    0   -1   13   15   35   -1
   15   55    1   20   17  941   16    1   -1   14   -1   36   -1
   16   57    1   20   17  977   16   -1   -1   -1   17   38   -1
   17   58    1   20   17  995   16    0   -1   16   18   39   -1
   18   59    1   20   17 1013   16    0   -1   17   19   40   -1
   19   60    1   20   17 1031   16    1   -1   18   -1   41   -1
   20   34    2   19   17  579   31   -1    0   -1   21   44    3
   21   35    2   19   17  596   31    0    0   20   22   45    4
   22   36    2   19   17  613   31    0    0   21   23   46    5
   23   37    2   19   17  630   31    0    0   22   24   47    6
   24   38    2   19   17  647   31    0    0   23   25   48    7
   25   39    2   19   17  664   31    0    0   24   26   49    8
   26   40    2   19   17  681   31    1    0   25   -1   50    9
   27   46    2   19   17  783   31   -1   -1   -1   28   55   -1
   28   47    2   19   17  800   31    0   -1   27   29   56   -1
   29   48    2   19   17  817   31    0   -1   28   30   57   -1
   30   49    2   19   17  834   31    0   -1   29   31   58   -1
   31   50    2   20   17  851   31    0    0   30   32   59   10
   32   51    2   20   17  869   31    0    0   31   33   60   11
   33   52    2   20   17  887   31    0    0   32   34   61   12
   34   53    2   20   17  905   31    0    0   33   35   62   13
   35   54    2   20   17  923   31    0    0   34   36   63   14
   36   55    2   20   17  941   31    0    0   35   37   64   15
   37   56    2   20   17  959   31    0   -1   36   38   65   -1
   38   57    2   20   17  977   31    0    0   37   39   66   16
   39   58    2   20   17  995   31    0    0   38   40   67   17
   40   59    2   20   17 1013   31    0    0   39   41   68   18
   41   60    2   20   17 1031   31    1    0   40   -1   69   19
   42   32    3   19   17  545   46   -1   -1   -1   43   76   -1
   43   33    3   19   17  562   46    0   -1   42   44   77   -1
   44   34    3   19   17  579   46    0    0   43   45   78   20
   45   35    3   19   17  596   46    0    0   44   46   79   21
   46   36    3   19   17  613   46    0    0   45   47   80   22
   47   37    3   19   17  630   46    0    0   46   48   81   23
   48   38    3   19   17  647   46    0    0   47   49   82   24
   49   39    3   19   17  664   46    0    0   48   50   83   25
   50   40    3   19   17  681   46    0    0   49   51   84   26
   51   41    3   19   17  698   46    0   -1   50   52   85   -1
   52   42    3   19   17  715   46    1   -1   51   -1   86   -1
   53   44    3   19   17  749   46   -1   -1   -1   54   88   -1
   54   45    3   19   17  766   46    0   -1   53   55   89   -1
   55   46    3   19   17  783   46    0    0   54   56   90   27
   56   47    3   19   17  800   46    0    0   55   57   91   28
   57   48    3   19   17  817   46    0    0   56   58   92   29
   58   49    3   19   17  834   46    0    0   57   59   93   30
   59   50    3   20   17  851   46    0    0   58   60   94   31
   60   51    3   20   17  869   46    0    0   59   61   95   32
   61   52    3   20   17  887   46    0    0   60   62   96   33
   62   53    3   20   17  905   46    0    0   61   63   97   34
   63   54    3   20   17  923   46    0    0   62   64   98   35
   64   55    3   20   17  941   46    0    0   63   65   99   36
   65   56    3   20   17  959   46    0    0   64   66  100   37
   66   57    3   20   17  977   46    0    0   65   67  101   38
   67   58    3   20   17  995   46    0    0   66   68  102   39
   68   59    3   20   17 1013   46    0    0   67   69  103   40
   69   60    3   20   17 1031   46    0    0   68   70  104   41
   70   61    3   20   17 1049   46    1   -1   69   -1  105   -1
   71    0    4   19   17    1   61    2   -1   -1   -1  106   -1
   72   28    4   19   17  477   61   -1   -1   -1   73  111   -1
   73   29    4   19   17  494   61    0   -1   72   74  112   -1
   74   30    4   19   17  511   61    0   -1   73   75  113   -1
   75   31    4   19   17  528   61    0   -1   74   76  114   -1
   76   32    4   19   17  545   61    0    0   75   77  115   42
   77   33    4   19   17  562   61    0    0   76   78  116   43
   78   34    4   19   17  579   61    0    0   77   79  117   44
   79   35    4   19   17  596   61    0    0   78   80  118   45
   80   36    4   19   17  613   61    0    0   79   81  119   46
   81   37    4   19   17  630   61    0    0   80   82  120   47
   82   38    4   19   17  647   61    0    0   81   83  121   48
   83   39    4   19   17  664   61    0    0   82   84  122   49
   84   40    4   19   17  681   61    0    0   83   85  123   50
   85   41    4   19   17  698   61    0    0   84   86  124   51
   86   42    4   19   17  715   61    0    0   85   87  125   52
   87   43    4   19   17  732   61    0   -1   86   88  126   -1
   88   44    4   19   17  749   61    0    0   87   89  127   53
   89   45    4   19   17  766   61    0    0   88   90  128   54
   90   46    4   19   17  783   61    0    0   89   91  129   55
   91   47    4   19   17  800   61    0    0   90   92  130   56
   92   48    4   19   17  817   61    0    0   91   93  131   57
   93   49    4   19   17  834   61    0    0   92   94  132   58
   94   50    4   20   17  851   61    0    0   93   95  133   59
   95   51    4   20   17  869   61    0    0   94   96  134   60
   96   52    4   20   17  887   61    0    0   95   97  135   61
   97   53    4   20   17  905   61    0    0   96   98  136   62
   98   54    4   20   17  923   61    0    0   97   99  137   63
   99   55    4   20   17  941   61    0    0   98  100  138   64
  100   56    4   20   17  959   61    0    0   99  101  139   65
  101   57    4   20   17  977   61    0    0  100  102  140   66
  102   58    4   20   17  995   61    0    0  101  103  141   67
  103   59    4   20   17 1013   61    0    0  102  104  142   68
  104   60    4   20   17 1031   61    0    0  103  105  143   69
  105   61    4   20   17 1049   61    1    0  104   -1  144   70
  106    0    5   19   18    1   76   -1    0   -1  107  146   71
  107    1    5   19   18   18   76    0   -1  106  108  147   -1
  108    2    5   19   18   35   76    1   -1  107   -1  148   -1
  109   26    5   19   18  443   76   -1   -1   -1  110  150   -1
  110   27    5   19   18  460   76    0   -1  109  111  151   -1
  111   28    5   19   18  477   76    0    0  110  112  152   72
  112   29    5   19   18  494   76    0    0  111  113  153   73
  113   30    5   19   18  511   76    0    0  112  114  154   74
  114   31    5   19   18  528   76    0    0  113  115  155   75
  115   32    5   19   18  545   76    0    0  114  116  156   76
  116   33    5   19   18  562   76    0    0  115  117  157   77
  117   34    5   19   18  579   76    0    0  116  118  158   78
  118   35    5   19   18  596   76    0    0  117  119  159   79
  119   36    5   19   18  613   76    0    0  118  120  160   80
  120   37    5   19   18  630   76    0    0  119  121  161   81
  121   38    5   19   18  647   76    0    0  120  122  162   82
  122   39    5   19   18  664   76    0    0  121  123  163   83
  123   40    5   19   18  681   76    0    0  122  124  164   84
  124   41    5   19   18  698   76    0    0  123  125  165   85
  125   42    5   19   18  715   76    0    0  124  126  166   86
  126   43    5   19   18  732   76    0    0  125  127  167   87
  127   44    5   19   18  749   76    0    0  126  128  168   88
  128   45    5   19   18  766   76    0    0  127  129  169   89
  129   46    5   19   18  783   76    0    0  128  130  170   90
  130   47    5   19   18  800   76    0    0  129  131  171   91
  131   48    5   19   18  817   76    0    0  130  132  172   92
  132   49    5   19   18  834   76    0    0  131  133  173   93
  133   50    5   20   18  851   76    0    0  132  134  174   94
  134   51    5   20   18  869   76    0    0  133  135  175   95
  135   52    5   20   18  887   76    0    0  134  136  176   96
  136   53    5   20   18  905   76    0    0  135  137  177   97
  137   54    5   20   18  923   76    0    0  136  138  178   98
  138   55    5   20   18  941   76    0    0  137  139  179   99
  139   56    5   20   18  959   76    0    0  138  140  180  100
  140   57    5   20   18  977   76    0    0  139  141  181  101
  141   58    5   20   18  995   76    0    0  140  142  182  102
  142   59    5   20   18 1013   76    0    0  141  143  183  103
  143   60    5   20   18 1031   76    0    0  142  144  184  104
  144   61    5   20   18 1049   76    0    0  143  145  185  105
  145   62    5   19   18 1067   76    1   -1  144   -1  186   -1
  146    0    6   19   18    1   92   -1    0   -1  147  187  106
  147    1    6   19   18   18   92    0    0  146  148  188  107
  148    2    6   19   18   35   92    0    0  147  149  189  108
  149    3    6   19   18   52   92    1   -1  148   -1  190   -1
  150   26    6   19   18  443   92   -1    1   -1  151   -1  109
  151   27    6   19   18  460   92    0    0  150  152  197  110
  152   28    6   19   18  477   92    0    0  151  153  198  111
  153   29    6   19   18  494   92    0    0  152  154  199  112
  154   30    6   19   18  511   92    0    0  153  155  200  113
  155   31    6   19   18  528   92    0    0  154  156  201  114
  156   32    6   19   18  545   92    0    0  155  157  202  115
  157   33    6   19   18  562   92    0    0  156  158  203  116
  158   34    6   19   18  579   92    0    0  157  159  204  117
  159   35    6   19   18  596   92    0    0  158  160  205  118
  160   36    6   19   18  613   92    0    0  159  161  206  119
  161   37    6   19   18  630   92    0    0  160  162  207  120
  162   38    6   19   18  647   92    0    0  161  163  208  121
  163   39    6   19   18  664   92    0    0  162  164  209  122
  164   40    6   19   18  681   92    0    0  163  165  210  123
  165   41    6   19   18  698   92    0    0  164  166  211  124
  166   42    6   19   18  715   92    0    0  165  167  212  125
  167   43    6   19   18  732   92    0    0  166  168  213  126
  168   44    6   19   18  749   92    0    0  167  169  214  127
  169   45    6   19   18  766   92    0    0  168  170  215  128
  170   46    6   19   18  783   92    0    0  169  171  216  129
  171   47    6   19   18  800   92    0    0  170  172  217  130
  172   48    6   19   18  817   92    0    0  171  173  218  131
  173   49    6   19   18  834   92    0    0  172  174  219  132
  174   50    6   20   18  851   92    0    0  173  175  220  133
  175   51    6   20   18  869   92    0    0  174  176  221  134
  176   52    6   20   18  887   92    0    0  175  177  222  135
  177   53    6   20   18  905   92    0    0  176  178  223  136
  178   54    6   20   18  923   92    0    0  177  179  224  137
  179   55    6   20   18  941   92    0    0  178  180  225  138
  180   56    6   20   18  959   92    0    0  179  181  226  139
  181   57    6   20   18  977   92    0    0  180  182  227  140
  182   58    6   20   18  995   92    0    0  181  183  228  141
  183   59    6   20   18 1013   92    0    0  182  184  229  142
  184   60    6   20   18 1031   92    0    0  183  185  230  143
  185   61    6   20   18 1049   92    0    0  184  186  231  144
  186   62    6   19   18 1067   92    1    0  185   -1  232  145
  187    0    7   19   18    1  108   -1    0   -1  188  233  146
  188    1    7   19   18   18  108    0    0  187  189  234  147
  189    2    7   19   18   35  108    0    0  188  190  235  148
  190    3    7   19   18   52  108    1    0  189   -1  236  149
  191    5    7   19   18   86  108   -1   -1   -1  192  238   -1
  192    6    7   19   18  103  108    0   -1  191  193  239   -1
  193    7    7   19   18  120  108    0   -1  192  194  240   -1
  194    8    7   19   18  137  108    0   -1  193  195  241   -1
  195    9    7   19   18  154  108    0   -1  194  196  242   -1
  196   10    7   19   18  171  108    1   -1  195   -1  243   -1
  197   27    7   19   18  460  108   -1    0   -1  198  246  151
  198   28    7   19   18  477  108    0    0  197  199  247  152
  199   29    7   19   18  494  108    0    0  198  200  248  153
  200   30    7   19   18  511  108    0    0  199  201  249  154
  201   31    7   19   18  528  108    0    0  200  202  250  155
  202   32    7   19   18  545  108    0    0  201  203  251  156
  203   33    7   19   18  562  108    0    0  202  204  252  157
  204   34    7   19   18  579  108    0    0  203  205  253  158
  205   35    7   19   18  596  108    0    0  204  206  254  159
  206   36    7   19   18  613  108    0    0  205  207  255  160
  207   37    7   19   18  630  108    0    0  206  208  256  161
  208   38    7   19   18  647  108    0    0  207  209  257  162
  209   39    7   19   18  664  108    0    0  208  210  258  163
  210   40    7   19   18  681  108    0    0  209  211  259  164
  211   41    7   19   18  698  108    0    0  210  212  260  165
  212   42    7   19   18  715  108    0    0  211  213  261  166
  213   43    7   19   18  732  108    0    0  212  214  262  167
  214   44    7   19   18  749  108    0    0  213  215  263  168
  215   45    7   19   18  766  108    0    0  214  216  264  169
  216   46    7   19   18  783  108    0    0  215  217  265  170
  217   47    7   19   18  800  108    0    0  216  218  266  171
  218   48    7   19   18  817  108    0    0  217  219  267  172
  219   49    7   19   18  834  108    0    0  218  220  268  173
  220   50    7   20   18  851  108    0    0  219  221  269  174
  221   51    7   20   18  869  108    0    0  220  222  270  175
  222   52    7   20   18  887  108    0    0  221  223  271  176
  223   53    7   20   18  905  108    0    0  222  224  272  177
  224   54    7   20   18  923  108    0    0  223  225  273  178
  225   55    7   20   18  941  108    0    0  224  226  274  179
  226   56    7   20   18  959  108    0    0  225  227  275  180
  227   57    7   20   18  977  108    0    0  226  228  276  181
  228   58    7   20   18  995  108    0    0  227  229  277  182
  229   59    7   20   18 1013  108    0    0  228  230  278  183
  230   60    7   20   18 1031  108    0    0  229  231  279  184
  231   61    7   20   18 1049  108    0    0  230  232  280  185
  232   62    7   19   18 1067  108    1    0  231   -1  281  186
  233    0    8   19   18    1  124   -1    0   -1  234  282  187
  234    1    8   19   18   18  124    0    0  233  235  283  188
  235    2    8   19   18   35  124    0    0  234  236  284  189
  236    3    8   19   18   52  124    0    0  235  237  285  190
  237    4    8   19   18   69  124    0   -1  236  238  286   -1
  238    5    8   19   18   86  124    0    0  237  239  287  191
  239    6    8   19   18  103  124    0    0  238  240  288  192
  240    7    8   19   18  120  124    0    0  239  241  289  193
  241    8    8   19   18  137  124    0    0  240  242  290  194
  242    9    8   19   18  154  124    0    0  241  243  291  195
  243   10    8   19   18  171  124    0    0  242  244  292  196
  244   11    8   19   18  188  124    0   -1  243  245  293   -1
  245   12    8   19   18  205  124    1   -1  244   -1  294   -1
  246   27    8   19   18  460  124   -1    0   -1  247  299  197
  247   28    8   19   18  477  124    0    0  246  248  300  198
  248   29    8   19   18  494  124    0    0  247  249  301  199
  249   30    8   19   18  511  124    0    0  248  250  302  200
  250   31    8   19   18  528  124    0    0  249  251  303  201
  251   32    8   19   18  545  124    0    0  250  252  304  202
  252   33    8   19   18  562  124    0    0  251  253  305  203
  253   34    8   19   18  579  124    0    0  252  254  306  204
  254   35    8   19   18  596  124    0    0  253  255  307  205
  255   36    8   19   18  613  124    0    0  254  256  308  206
  256   37    8   19   18  630  124    0    0  255  257  309  207
  257   38    8   19   18  647  124    0    0  256  258  310  208
  258   39    8   19   18  664  124    0    0  257  259  311  209
  259   40    8   19   18  681  124    0    0  258  260  312  210
  260   41    8   19   18  698  124    0    0  259  261  313  211
  261   42    8   19   18  715  124    0    0  260  262  314  212
  262   43    8   19   18  732  124    0    0  261  263  315  213
  263   44    8   19   18  749  124    0    0  262  264  316  214
  264   45    8   19   18  766  124    0    0  263  265  317  215
  265   46    8   19   18  783  124    0    0  264  266  318  216
  266   47    8   19   18  800  124    0    0  265  267  319  217
  267   48    8   19   18  817  124    0    0  266  268  320  218
  268   49    8   19   18  834  124    0    0  267  269  321  219
  269   50    8   20   18  851  124    0    0  268  270  322  220
  270   51    8   20   18  869  124    0    0  269  271  323  221
  271   52    8   20   18  887  124    0    0  270  272  324  222
  272   53    8   20   18  905  124    0    0  271  273  325  223
  273   54    8   20   18  923  124    0    0  272  274  326  224
  274   55    8   20   18  941  124    0    0  273  275  327  225
  275   56    8   20   18  959  124    0    0  274  276  328  226
  276   57    8   20   18  977  124    0    0  275  277  329  227
  277   58    8   20   18  995  124    0    0  276  278  330  228
  278   59    8   20   18 1013  124    0    0  277  279  331  229
  279   60    8   20   18 1031  124    0    0  278  280  332  230
  280   61    8   20   18 1049  124    0    0  279  281  333  231
  281   62    8   19   18 1067  124    1    0  280   -1  334  232
  282    0    9   19   18    1  140   -1    0   -1  283  335  233
  283    1    9   19   18   18  140    0    0  282  284  336  234
  284    2    9   19   18   35  140    0    0  283  285  337  235
  285    3    9   19   18   52  140    0    0  284  286  338  236
  286    4    9   19   18   69  140    0    1  285  287   -1  237
  287    5    9   19   18   86  140    0    1  286  288   -1  238
  288    6    9   19   18  103  140    0    0  287  289  339  239
  289    7    9   19   18  120  140    0    0  288  290  340  240
  290    8    9   19   18  137  140    0    0  289  291  341  241
  291    9    9   19   18  154  140    0    0  290  292  342  242
  292   10    9   19   18  171  140    0    0  291  293  343  243
  293   11    9   19   18  188  140    0    0  292  294  344  244
  294   12    9   19   18  205  140    0    0  293  295  345  245
  295   13    9   19   18  222  140    0   -1  294  296  346   -1
  296   14    9   19   18  239  140    0   -1  295  297  347   -1
  297   15    9   19   18  256  140    0   -1  296  298  348   -1
  298   16    9   19   18  273  140    1   -1  297   -1  349   -1
  299   27    9   19   18  460  140   -1    0   -1  300  360  246
  300   28    9   19   18  477  140    0    0  299  301  361  247
  301   29    9   19   18  494  140    0    0  300  302  362  248
  302   30    9   19   18  511  140    0    0  301  303  363  249
  303   31    9   19   18  528  140    0    0  302  304  364  250
  304   32    9   19   18  545  140    0    0  303  305  365  251
  305   33    9   19   18  562  140    0    0  304  306  366  252
  306   34    9   19   18  579  140    0    0  305  307  367  253
  307   35    9   19   18  596  140    0    0  306  308  368  254
  308   36    9   19   18  613  140    0    0  307  309  369  255
  309   37    9   19   18  630  140    0    0  308  310  370  256
  310   38    9   19   18  647  140    0    0  309  311  371  257
  311   39    9   19   18  664  140    0    0  310  312  372  258
  312   40    9   19   18  681  140    0    0  311  313  373  259
  313   41    9   19   18  698  140    0    0  312  314  374  260
  314   42    9   19   18  715  140    0    0  313  315  375  261
  315   43    9   19   18  732  140    0    0  314  316  376  262
  316   44    9   19   18  749  140    0    0  315  317  377  263
  317   45    9   19   18  766  140    0    0  316  318  378  264
  318   46    9   19   18  783  140    0    0  317  319  379  265
  319   47    9   19   18  800  140    0    0  318  320  380  266
  320   48    9   19   18  817  140    0    0  319  321  381  267
  321   49    9   19   18  834  140    0    0  320  322  382  268
  322   50    9   20   18  851  140    0    0  321  323  383  269
  323   51    9   20   18  869  140    0    0  322  324  384  270
  324   52    9   20   18  887  140    0    0  323  325  385  271
  325   53    9   20   18  905  140    0    0  324  326  386  272
  326   54    9   20   18  923  140    0    1  325  327   -1  273
  327   55    9   20   18  941  140    0    0  326  328  387  274
  328   56    9   20   18  959  140    0    0  327  329  388  275
  329   57    9   20   18  977  140    0    1  328  330   -1  276
  330   58    9   20   18  995  140    0    1  329  331   -1  277
  331   59    9   20   18 1013  140    0    1  330  332   -1  278
  332   60    9   20   18 1031  140    0    0  331  333  389  279
  333   61    9   20   18 1049  140    0    0  332  334  390  280
  334   62    9   19   18 1067  140    1    0  333   -1  391  281
  335    0   10   19   18    1  156   -1    1   -1  336   -1  282
  336    1   10   19   18   18  156    0    1  335  337   -1  283
  337    2   10   19   18   35  156    0    1  336  338   -1  284
  338    3   10   19   18   52  156    1    1  337   -1   -1  285
  339    6   10   19   18  103  156   -1    1   -1  340   -1  288
  340    7   10   19   18  120  156    0    1  339  341   -1  289
  341    8   10   19   18  137  156    0    1  340  342   -1  290
  342    9   10   19   18  154  156    0    1  341  343   -1  291
  343   10   10   19   18  171  156    0    0  342  344  392  292
  344   11   10   19   18  188  156    0    0  343  345  393  293
  345   12   10   19   18  205  156    0    0  344  346  394  294
  346   13   10   19   18  222  156    0    0  345  347  395  295
  347   14   10   19   18  239  156    0    0  346  348  396  296
  348   15   10   19   18  256  156    0    0  347  349  397  297
  349   16   10   19   18  273  156    0    0  348  350  398  298
  350   17   10   19   18  290  156    0   -1  349  351  399   -1
  351   18   10   19   18  307  156    0   -1  350  352  400   -1
  352   19   10   19   18  324  156    0   -1  351  353  401   -1
  353   20   10   19   18  341  156    0   -1  352  354  402   -1
  354   21   10   19   18  358  156    0   -1  353  355  403   -1
  355   22   10   19   18  375  156    0   -1  354  356  404   -1
  356   23   10   19   18  392  156    0   -1  355  357  405   -1
  357   24   10   19   18  409  156    0   -1  356  358  406   -1
  358   25   10   19   18  426  156    0   -1  357  359  407   -1
  359   26   10   19   18  443  156    0   -1  358  360  408   -1
  360   27   10   19   18  460  156    0    0  359  361  409  299
  361   28   10   19   18  477  156    0    0  360  362  410  300
  362   29   10   19   18  494  156    0    0  361  363  411  301
  363   30   10   19   18  511  156    0    0  362  364  412  302
  364   31   10   19   18  528  156    0    0  363  365  413  303
  365   32   10   19   18  545  156    0    0  364  366  414  304
  366   33   10   19   18  562  156    0    0  365  367  415  305
  367   34   10   19   18  579  156    0    0  366  368  416  306
  368   35   10   19   18  596  156    0    0  367  369  417  307
  369   36   10   19   18  613  156    0    0  368  370  418  308
  370   37   10   19   18  630  156    0    0  369  371  419  309
  371   38   10   19   18  647  156    0    0  370  372  420  310
  372   39   10   19   18  664  156    0    0  371  373  421  311
  373   40   10   19   18  681  156    0    0  372  374  422  312
  374   41   10   19   18  698  156    0    0  373  375  423  313
  375   42   10   19   18  715  156    0    0  374  376  424  314
  376   43   10   19   18  732  156    0    0  375  377  425  315
  377   44   10   19   18  749  156    0    0  376  378  426  316
  378   45   10   19   18  766  156    0    0  377  379  427  317
  379   46   10   19   18  783  156    0    0  378  380  428  318
  380   47   10   19   18  800  156    0    0  379  381  429  319
  381   48   10   19   18  817  156    0    0  380  382  430  320
  382   49   10   19   18  834  156    0    0  381  383  431  321
  383   50   10   20   18  851  156    0    0  382  384  432  322
  384   51   10   20   18  869  156    0    0  383  385  433  323
  385   52   10   20   18  887  156    0    1  384  386   -1  324
  386   53   10   20   18  905  156    1    1  385   -1   -1  325
  387   55   10   20   18  941  156   -1    1   -1  388   -1  327
  388   56   10   20   18  959  156    1    1  387   -1   -1  328
  389   60   10   20   18 1031  156   -1    1   -1  390   -1  332
  390   61   10   20   18 1049  156    0    1  389  391   -1  333
  391   62   10   19   18 1067  156    1    1  390   -1   -1  334
  392   10   11   19   18  171  172   -1    1   -1  393   -1  343
  393   11   11   19   18  188  172    0    0  392  394  434  344
  394   12   11   19   18  205  172    0    0  393  395  435  345
  395   13   11   19   18  222  172    0    0  394  396  436  346
  396   14   11   19   18  239  172    0    0  395  397  437  347
  397   15   11   19   18  256  172    0    0  396  398  438  348
  398   16   11   19   18  273  172    0    0  397  399  439  349
  399   17   11   19   18  290  172    0    0  398  400  440  350
  400   18   11   19   18  307  172    0    0  399  401  441  351
  401   19   11   19   18  324  172    0    0  400  402  442  352
  402   20   11   19   18  341  172    0    0  401  403  443  353
  403   21   11   19   18  358  172    0    0  402  404  444  354
  404   22   11   19   18  375  172    0    0  403  405  445  355
  405   23   11   19   18  392  172    0    0  404  406  446  356
  406   24   11   19   18  409  172    0    0  405  407  447  357
  407   25   11   19   18  426  172    0    0  406  408  448  358
  408   26   11   19   18  443  172    0    0  407  409  449  359
  409   27   11   19   18  460  172    0    0  408  410  450  360
  410   28   11   19   18  477  172    0    0  409  411  451  361
  411   29   11   19   18  494  172    0    0  410  412  452  362
  412   30   11   19   18  511  172    0    0  411  413  453  363
  413   31   11   19   18  528  172    0    0  412  414  454  364
  414   32   11   19   18  545  172    0    0  413  415  455  365
  415   33   11   19   18  562  172    0    0  414  416  456  366
  416   34   11   19   18  579  172    0    0  415  417  457  367
  417   35   11   19   18  596  172    0    0  416  418  458  368
  418   36   11   19   18  613  172    0    0  417  419  459  369
  419   37   11   19   18  630  172    0    0  418  420  460  370
  420   38   11   19   18  647  172    0    0  419  421  461  371
  421   39   11   19   18  664  172    0    0  420  422  462  372
  422   40   11   19   18  681  172    0    0  421  423  463  373
  423   41   11   19   18  698  172    0    0  422  424  464  374
  424   42   11   19   18  715  172    0    0  423  425  465  375
  425   43   11   19   18  732  172    0    0  424  426  466  376
  426   44   11   19   18  749  172    0    1  425  427   -1  377
  427   45   11   19   18  766  172    0    1  426  428   -1  378
  428   46   11   19   18  783  172    0    0  427  429  467  379
  429   47   11   19   18  800  172    0    0  428  430  468  380
  430   48   11   19   18  817  172    0    0  429  431  469  381
  431   49   11   19   18  834  172    0    0  430  432  470  382
  432   50   11   20   18  851  172    0    0  431  433  471  383
  433   51   11   20   18  869  172    1    1  432   -1   -1  384
  434   11   12   19   18  188  188   -1    1   -1  435   -1  393
  435   12   12   19   18  205  188    0    0  434  436  472  394
  436   13   12   19   18  222  188    0    0  435  437  473  395
  437   14   12   19   18  239  188    0    0  436  438  474  396
  438   15   12   19   18  256  188    0    0  437  439  475  397
  439   16   12   19   18  273  188    0    0  438  440  476  398
  440   17   12   19   18  290  188    0    0  439  441  477  399
  441   18   12   19   18  307  188    0    0  440  442  478  400
  442   19   12   19   18  324  188    0    0  441  443  479  401
  443   20   12   19   18  341  188    0    0  442  444  480  402
  444   21   12   19   18  358  188    0    0  443  445  481  403
  445   22   12   19   18  375  188    0    0  444  446  482  404
  446   23   12   19   18  392  188    0    0  445  447  483  405
  447   24   12   19   18  409  188    0    0  446  448  484  406
  448   25   12   19   18  426  188    0    0  447  449  485  407
  449   26   12   19   18  443  188    0    0  448  450  486  408
  450   27   12   19   18  460  188    0    0  449  451  487  409
  451   28   12   19   18  477  188    0    0  450  452  488  410
  452   29   12   19   18  494  188    0    0  451  453  489  411
  453   30   12   19   18  511  188    0    0  452  454  490  412
  454   31   12   19   18  528  188    0    0  453  455  491  413
  455   32   12   19   18  545  188    0    0  454  456  492  414
  456   33   12   19   18  562  188    0    0  455  457  493  415
  457   34   12   19   18  579  188    0    0  456  458  494  416
  458   35   12   19   18  596  188    0    0  457  459  495  417
  459   36   12   19   18  613  188    0    0  458  460  496  418
  460   37   12   19   18  630  188    0    0  459  461  497  419
  461   38   12   19   18  647  188    0    0  460  462  498  420
  462   39   12   19   18  664  188    0    0  461  463  499  421
  463   40   12   19   18  681  188    0    0  462  464  500  422
  464   41   12   19   18  698  188    0    0  463  465  501  423
  465   42   12   19   18  715  188    0    0  464  466  502  424
  466   43   12   19   18  732  188    1    1  465   -1   -1  425
  467   46   12   19   18  783  188   -1    0   -1  468  505  428
  468   47   12   19   18  800  188    0    0  467  469  506  429
  469   48   12   19   18  817  188    0    0  468  470  507  430
  470   49   12   19   18  834  188    0    0  469  471  508  431
  471   50   12   20   18  851  188    1    0  470   -1  509  432
  472   12   13   19   18  205  204   -1    0   -1  473  510  435
  473   13   13   19   18  222  204    0    0  472  474  511  436
  474   14   13   19   18  239  204    0    0  473  475  512  437
  475   15   13   19   18  256  204    0    0  474  476  513  438
  476   16   13   19   18  273  204    0    0  475  477  514  439
  477   17   13   19   18  290  204    0    0  476  478  515  440
  478   18   13   19   18  307  204    0    0  477  479  516  441
  479   19   13   19   18  324  204    0    0  478  480  517  442
  480   20   13   19   18  341  204    0    0  479  481  518  443
  481   21   13   19   18  358  204    0    0  480  482  519  444
  482   22   13   19   18  375  204    0    0  481  483  520  445
  483   23   13   19   18  392  204    0    0  482  484  521  446
  484   24   13   19   18  409  204    0    0  483  485  522  447
  485   25   13   19   18  426  204    0    1  484  486   -1  448
  486   26   13   19   18  443  204    0    0  485  487  523  449
  487   27   13   19   18  460  204    0    0  486  488  524  450
  488   28   13   19   18  477  204    0    0  487  489  525  451
  489   29   13   19   18  494  204    0    0  488  490  526  452
  490   30   13   19   18  511  204    0    0  489  491  527  453
  491   31   13   19   18  528  204    0    0  490  492  528  454
  492   32   13   19   18  545  204    0    0  491  493  529  455
  493   33   13   19   18  562  204    0    0  492  494  530  456
  494   34   13   19   18  579  204    0    0  493  495  531  457
  495   35   13   19   18  596  204    0    0  494  496  532  458
  496   36   13   19   18  613  204    0    0  495  497  533  459
  497   37   13   19   18  630  204    0    0  496  498  534  460
  498   38   13   19   18  647  204    0    0  497  499  535  461
  499   39   13   19   18  664  204    0    0  498  500  536  462
  500   40   13   19   18  681  204    0    0  499  501  537  463
  501   41   13   19   18  698  204    0    0  500  502  538  464
  502   42   13   19   18  715  204    1    1  501   -1   -1  465
  503   44   13   19   18  749  204   -1   -1   -1  504  539   -1
  504   45   13   19   18  766  204    0   -1  503  505  540   -1
  505   46   13   19   18  783  204    0    0  504  506  541  467
  506   47   13   19   18  800  204    0    0  505  507  542  468
  507   48   13   19   18  817  204    0    0  506  508  543  469
  508   49   13   19   18  834  204    0    0  507  509  544  470
  509   50   13   20   18  851  204    1    0  508   -1  545  471
  510   12   14   19   18  205  220   -1    0   -1  511  546  472
  511   13   14   19   18  222  220    0    0  510  512  547  473
  512   14   14   19   18  239  220    0    0  511  513  548  474
  513   15   14   19   18  256  220    0    0  512  514  549  475
  514   16   14   19   18  273  220    0    0  513  515  550  476
  515   17   14   19   18  290  220    0    0  514  516  551  477
  516   18   14   19   18  307  220    0    0  515  517  552  478
  517   19   14   19   18  324  220    0    0  516  518  553  479
  518   20   14   19   18  341  220    0    0  517  519  554  480
  519   21   14   19   18  358  220    0    0  518  520  555  481
  520   22   14   19   18  375  220    0    0  519  521  556  482
  521   23   14   19   18  392  220    0    0  520  522  557  483
  522   24   14   19   18  409  220    1    0  521   -1  558  484
  523   26   14   19   18  443  220   -1    0   -1  524  559  486
  524   27   14   19   18  460  220    0    0  523  525  560  487
  525   28   14   19   18  477  220    0    0  524  526  561  488
  526   29   14   19   18  494  220    0    0  525  527  562  489
  527   30   14   19   18  511  220    0    0  526  528  563  490
  528   31   14   19   18  528  220    0    0  527  529  564  491
  529   32   14   19   18  545  220    0    0  528  530  565  492
  530   33   14   19   18  562  220    0    0  529  531  566  493
  531   34   14   19   18  579  220    0    0  530  532  567  494
  532   35   14   19   18  596  220    0    0  531  533  568  495
  533   36   14   19   18  613  220    0    0  532  534  569  496
  534   37   14   19   18  630  220    0    0  533  535  570  497
  535   38   14   19   18  647  220    0    0  534  536  571  498
  536   39   14   19   18  664  220    0    0  535  537  572  499
  537   40   14   19   18  681  220    0    0  536  538  573  500
  538   41   14   19   18  698  220    1    1  537   -1   -1  501
  539   44   14   19   18  749  220   -1    0   -1  540  574  503
  540   45   14   19   18  766  220    0    0  539  541  575  504
  541   46   14   19   18  783  220    0    0  540  542  576  505
  542   47   14   19   18  800  220    0    0  541  543  577  506
  543   48   14   19   18  817  220    0    0  542  544  578  507
  544   49   14   19   18  834  220    0    0  543  545  579  508
  545   50   14   20   18  851  220    1    0  544   -1  580  509
  546   12   15   19   18  205  236   -1    1   -1  547   -1  510
  547   13   15   19   18  222  236    0    0  546  548  581  511
  548   14   15   19   18  239  236    0    0  547  549  582  512
  549   15   15   19   18  256  236    0    0  548  550  583  513
  550   16   15   19   18  273  236    0    0  549  551  584  514
  551   17   15   19   18  290  236    0    0  550  552  585  515
  552   18   15   19   18  307  236    0    0  551  553  586  516
  553   19   15   19   18  324  236    0    0  552  554  587  517
  554   20   15   19   18  341  236    0    0  553  555  588  518
  555   21   15   19   18  358  236    0    0  554  556  589  519
  556   22   15   19   18  375  236    0    0  555  557  590  520
  557   23   15   19   18  392  236    0    0  556  558  591  521
  558   24   15   19   18  409  236    1    0  557   -1  592  522
  559   26   15   19   18  443  236   -1    0   -1  560  594  523
  560   27   15   19   18  460  236    0    0  559  561  595  524
  561   28   15   19   18  477  236    0    0  560  562  596  525
  562   29   15   19   18  494  236    0    0  561  563  597  526
  563   30   15   19   18  511  236    0    0  562  564  598  527
  564   31   15   19   18  528  236    0    0  563  565  599  528
  565   32   15   19   18  545  236    0    0  564  566  600  529
  566   33   15   19   18  562  236    0    0  565  567  601  530
  567   34   15   19   18  579  236    0    1  566  568   -1  531
  568   35   15   19   18  596  236    0    0  567  569  602  532
  569   36   15   19   18  613  236    0    0  568  570  603  533
  570   37   15   19   18  630  236    0    0  569  571  604  534
  571   38   15   19   18  647  236    0    0  570  572  605  535
  572   39   15   19   18  664  236    0    0  571  573  606  536
  573   40   15   19   18  681  236    1    0  572   -1  607  537
  574   44   15   19   18  749  236   -1    1   -1  575   -1  539
  575   45   15   19   18  766  236    0    1  574  576   -1  540
  576   46   15   19   18  783  236    0    0  575  577  608  541
  577   47   15   19   18  800  236    0    0  576  578  609  542
  578   48   15   19   18  817  236    0    0  577  579  610  543
  579   49   15   19   18  834  236    0    0  578  580  611  544
  580   50   15   20   18  851  236    1    1  579   -1   -1  545
  581   13   16   19   18  222  252   -1    1   -1  582   -1  547
  582   14   16   19   18  239  252    0    1  581  583   -1  548
  583   15   16   19   18  256  252    0    0  582  584  612  549
  584   16   16   19   18  273  252    0    0  583  585  613  550
  585   17   16   19   18  290  252    0    0  584  586  614  551
  586   18   16   19   18  307  252    0    0  585  587  615  552
  587   19   16   19   18  324  252    0    0  586  588  616  553
  588   20   16   19   18  341  252    0    0  587  589  617  554
  589   21   16   19   18  358  252    0    0  588  590  618  555
  590   22   16   19   18  375  252    0    0  589  591  619  556
  591   23   16   19   18  392  252    0    0  590  592  620  557
  592   24   16   19   18  409  252    0    0  591  593  621  558
  593   25   16   19   18  426  252    0   -1  592  594  622   -1
  594   26   16   19   18  443  252    0    0  593  595  623  559
  595   27   16   19   18  460  252    0    0  594  596  624  560
  596   28   16   19   18  477  252    0    0  595  597  625  561
  597   29   16   19   18  494  252    0    0  596  598  626  562
  598   30   16   19   18  511  252    0    0  597  599  627  563
  599   31   16   19   18  528  252    0    1  598  600   -1  564
  600   32   16   19   18  545  252    0    1  599  601   -1  565
  601   33   16   19   18  562  252    1    0  600   -1  628  566
  602   35   16   19   18  596  252   -1    0   -1  603  630  568
  603   36   16   19   18  613  252    0    0  602  604  631  569
  604   37   16   19   18  630  252    0    0  603  605  632  570
  605   38   16   19   18  647  252    0    0  604  606  633  571
  606   39   16   19   18  664  252    0    0  605  607  634  572
  607   40   16   19   18  681  252    1    0  606   -1  635  573
  608   46   16   19   18  783  252   -1    1   -1  609   -1  576
  609   47   16   19   18  800  252    0    1  608  610   -1  577
  610   48   16   19   18  817  252    0    1  609  611   -1  578
  611   49   16   19   18  834  252    1    1  610   -1   -1  579
  612   15   17   19   18  256  268   -1    1   -1  613   -1  583
  613   16   17   19   18  273  268    0    0  612  614  636  584
  614   17   17   19   18  290  268    0    0  613  615  637  585
  615   18   17   19   18  307  268    0    0  614  616  638  586
  616   19   17   19   18  324  268    0    0  615  617  639  587
  617   20   17   19   18  341  268    0    0  616  618  640  588
  618   21   17   19   18  358  268    0    0  617  619  641  589
  619   22   17   19   18  375  268    0    0  618  620  642  590
  620   23   17   19   18  392  268    0    0  619  621  643  591
  621   24   17   19   18  409  268    0    0  620  622  644  592
  622   25   17   19   18  426  268    0    0  621  623  645  593
  623   26   17   19   18  443  268    0    0  622  624  646  594
  624   27   17   19   18  460  268    0    0  623  625  647  595
  625   28   17   19   18  477  268    0    0  624  626  648  596
  626   29   17   19   18  494  268    0    0  625  627  649  597
  627   30   17   19   18  511  268    1    1  626   -1   -1  598
  628   33   17   19   18  562  268   -1    0   -1  629  651  601
  629   34   17   19   18  579  268    0   -1  628  630  652   -1
  630   35   17   19   18  596  268    0    0  629  631  653  602
  631   36   17   19   18  613  268    0    0  630  632  654  603
  632   37   17   19   18  630  268    0    0  631  633  655  604
  633   38   17   19   18  647  268    0    0  632  634  656  605
  634   39   17   19   18  664  268    0    0  633  635  657  606
  635   40   17   19   18  681  268    1    1  634   -1   -1  607
  636   16   18   19   18  273  284   -1    0   -1  637  658  613
  637   17   18   19   18  290  284    0    0  636  638  659  614
  638   18   18   19   18  307  284    0    0  637  639  660  615
  639   19   18   19   18  324  284    0    0  638  640  661  616
  640   20   18   19   18  341  284    0    0  639  641  662  617
  641   21   18   19   18  358  284    0    0  640  642  663  618
  642   22   18   19   18  375  284    0    0  641  643  664  619
  643   23   18   19   18  392  284    0    0  642  644  665  620
  644   24   18   19   18  409  284    0    0  643  645  666  621
  645   25   18   19   18  426  284    0    0  644  646  667  622
  646   26   18   19   18  443  284    0    0  645  647  668  623
  647   27   18   19   18  460  284    0    0  646  648  669  624
  648   28   18   19   18  477  284    0    0  647  649  670  625
  649   29   18   19   18  494  284    1    1  648   -1   -1  626
  650   32   18   19   18  545  284   -1   -1   -1  651  672   -1
  651   33   18   19   18  562  284    0    0  650  652  673  628
  652   34   18   19   18  579  284    0    0  651  653  674  629
  653   35   18   19   18  596  284    0    0  652  654  675  630
  654   36   18   19   18  613  284    0    0  653  655  676  631
  655   37   18   19   18  630  284    0    0  654  656  677  632
  656   38   18   19   18  647  284    0    0  655  657  678  633
  657   39   18   19   18  664  284    1    1  656   -1   -1  634
  658   16   19   19   18  273  300   -1    1   -1  659   -1  636
  659   17   19   19   18  290  300    0    0  658  660  679  637
  660   18   19   19   18  307  300    0    0  659  661  680  638
  661   19   19   19   18  324  300    0    0  660  662  681  639
  662   20   19   19   18  341  300    0    0  661  663  682  640
  663   21   19   19   18  358  300    0    0  662  664  683  641
  664   22   19   19   18  375  300    0    0  663  665  684  642
  665   23   19   19   18  392  300    0    0  664  666  685  643
  666   24   19   19   18  409  300    0    0  665  667  686  644
  667   25   19   19   18  426  300    0    0  666  668  687  645
  668   26   19   19   18  443  300    0    0  667  669  688  646
  669   27   19   19   18  460  300    0    0  668  670  689  647
  670   28   19   19   18  477  300    1    1  669   -1   -1  648
  671   31   19   19   18  528  300   -1   -1   -1  672  691   -1
  672   32   19   19   18  545  300    0    0  671  673  692  650
  673   33   19   19   18  562  300    0    0  672  674  693  651
  674   34   19   19   18  579  300    0    0  673  675  694  652
  675   35   19   19   18  596  300    0    0  674  676  695  653
  676   36   19   19   18  613  300    0    0  675  677  696  654
  677   37   19   19   18  630  300    0    1  676  678   -1  655
  678   38   19   19   18  647  300    1    1  677   -1   -1  656
  679   17   20   19   18  290  316   -1    1   -1  680   -1  659
  680   18   20   19   18  307  316    0    1  679  681   -1  660
  681   19   20   19   18  324  316    0    1  680  682   -1  661
  682   20   20   19   18  341  316    0    1  681  683   -1  662
  683   21   20   19   18  358  316    0    1  682  684   -1  663
  684   22   20   19   18  375  316    0    1  683  685   -1  664
  685   23   20   19   18  392  316    0    1  684  686   -1  665
  686   24   20   19   18  409  316    0    0  685  687  697  666
  687   25   20   19   18  426  316    0    0  686  688  698  667
  688   26   20   19   18  443  316    0    0  687  689  699  668
  689   27   20   19   18  460  316    1    1  688   -1   -1  669
  690   30   20   19   18  511  316   -1   -1   -1  691  701   -1
  691   31   20   19   18  528  316    0    0  690  692  702  671
  692   32   20   19   18  545  316    0    0  691  693  703  672
  693   33   20   19   18  562  316    0    0  692  694  704  673
  694   34   20   19   18  579  316    0    1  693  695   -1  674
  695   35   20   19   18  596  316    0    1  694  696   -1  675
  696   36   20   19   18  613  316    1    1  695   -1   -1  676
  697   24   21   19   18  409  332   -1    1   -1  698   -1  686
  698   25   21   19   18  426  332    0    1  697  699   -1  687
  699   26   21   19   18  443  332    1    1  698   -1   -1  688
  700   29   21   19   18  494  332   -1   -1   -1  701  705   -1
  701   30   21   19   18  511  332    0    0  700  702  706  690
  702   31   21   19   18  528  332    0    0  701  703  707  691
  703   32   21   19   18  545  332    0    0  702  704  708  692
  704   33   21   19   18  562  332    1    0  703   -1  709  693
  705   29   22   19   18  494  348   -1    0   -1  706  710  700
  706   30   22   19   18  511  348    0    0  705  707  711  701
  707   31   22   19   18  528  348    0    0  706  708  712  702
  708   32   22   19   18  545  348    0    0  707  709  713  703
  709   33   22   19   18  562  348    1    1  708   -1   -1  704
  710   29   23   19   17  494  364   -1    1   -1  711   -1  705
  711   30   23   19   17  511  364    0    1  710  712   -1  706
  712   31   23   19   17  528  364    0    1  711  713   -1  707
  713   32   23   19   17  545  364    1    1  712   -1   -1  708
