    0   17    0   36   33  575    1   -1   -1   -1    1   11   -1
    1   18    0   36   33  609    1    0   -1    0    2   12   -1
    2   19    0   36   33  643    1    0   -1    1    3   13   -1
    3   20    0   36   33  677    1    1   -1    2   -1   14   -1
    4   25    0   36   33  847    1   -1   -1   -1    5   19   -1
    5   26    0   36   33  881    1    0   -1    4    6   20   -1
    6   27    0   36   33  915    1    0   -1    5    7   21   -1
    7   28    0   36   33  949    1    0   -1    6    8   22   -1
    8   29    0   36   33  983    1    0   -1    7    9   23   -1
    9   30    0   36   33 1017    1    1   -1    8   -1   24   -1
   10   16    1   36   33  541   32   -1   -1   -1   11   31   -1
   11   17    1   36   33  575   32    0    0   10   12   32    0
   12   18    1   36   33  609   32    0    0   11   13   33    1
   13   19    1   36   33  643   32    0    0   12   14   34    2
   14   20    1   36   33  677   32    0    0   13   15   35    3
   15   21    1   36   33  711   32    0   -1   14   16   36   -1
   16   22    1   36   33  745   32    0   -1   15   17   37   -1
   17   23    1   36   33  779   32    0   -1   16   18   38   -1
   18   24    1   36   33  813   32    0   -1   17   19   39   -1
   19   25    1   36   33  847   32    0    0   18   20   40    4
   20   26    1   36   33  881   32    0    0   19   21   41    5
   21   27    1   36   33  915   32    0    0   20   22   42    6
   22   28    1   36   33  949   32    0    0   21   23   43    7
   23   29    1   36   33  983   32    0    0   22   24   44    8
   24   30    1   36   33 1017   32    0    0   23   25   45    9
   25   31    1   35   33 1051   32    1   -1   24   -1   46   -1
   26    0    2   35   33    1   63   -1   -1   -1   27   47   -1
   27    1    2   35   33   34   63    1   -1   26   -1   48   -1
   28   13    2   36   33  439   63   -1   -1   -1   29   53   -1
   29   14    2   36   33  473   63    0   -1   28   30   54   -1
   30   15    2   36   33  507   63    0   -1   29   31   55   -1
   31   16    2   36   33  541   63    0    0   30   32   56   10
   32   17    2   36   33  575   63    0    0   31   33   57   11
   33   18    2   36   33  609   63    0    0   32   34   58   12
   34   19    2   36   33  643   63    0    0   33   35   59   13
   35   20    2   36   33  677   63    0    0   34   36   60   14
   36   21    2   36   33  711   63    0    0   35   37   61   15
   37   22    2   36   33  745   63    0    0   36   38   62   16
   38   23    2   36   33  779   63    0    0   37   39   63   17
   39   24    2   36   33  813   63    0    0   38   40   64   18
   40   25    2   36   33  847   63    0    0   39   41   65   19
   41   26    2   36   33  881   63    0    0   40   42   66   20
   42   27    2   36   33  915   63    0    0   41   43   67   21
   43   28    2   36   33  949   63    0    0   42   44   68   22
   44   29    2   36   33  983   63    0    0   43   45   69   23
   45   30    2   36   33 1017   63    0    0   44   46   70   24
   46   31    2   35   33 1051   63    1    0   45   -1   71   25
   47    0    3   35   33    1   94   -1    0   -1   48   72   26
   48    1    3   35   33   34   94    0    0   47   49   73   27
   49    2    3   35   33   67   94    0   -1   48   50   74   -1
   50    3    3   35   33  100   94    0   -1   49   51   75   -1
   51    4    3   36   33  133   94    0   -1   50   52   76   -1
   52    5    3   36   33  167   94    1   -1   51   -1   77   -1
   53   13    3   36   33  439   94   -1    0   -1   54   81   28
   54   14    3   36   33  473   94    0    0   53   55   82   29
   55   15    3   36   33  507   94    0    0   54   56   83   30
   56   16    3   36   33  541   94    0    0   55   57   84   31
   57   17    3   36   33  575   94    0    0   56   58   85   32
   58   18    3   36   33  609   94    0    0   57   59   86   33
   59   19    3   36   33  643   94    0    0   58   60   87   34
   60   20    3   36   33  677   94    0    0   59   61   88   35
   61   21    3   36   33  711   94    0    0   60   62   89   36
   62   22    3   36   33  745   94    0    0   61   63   90   37
   63   23    3   36   33  779   94    0    0   62   64   91   38
   64   24    3   36   33  813   94    0    0   63   65   92   39
   65   25    3   36   33  847   94    0    0   64   66   93   40
   66   26    3   36   33  881   94    0    0   65   67   94   41
   67   27    3   36   33  915   94    0    0   66   68   95   42
   68   28    3   36   33  949   94    0    0   67   69   96   43
   69   29    3   36   33  983   94    0    0   68   70   97   44
   70   30    3   36   33 1017   94    0    0   69   71   98   45
   71   31    3   35   33 1051   94    1    0   70   -1   99   46
   72    0    4   35   33    1  125   -1    0   -1   73  100   47
   73    1    4   35   33   34  125    0    0   72   74  101   48
   74    2    4   35   33   67  125    0    1   73   75   -1   49
   75    3    4   35   33  100  125    0    0   74   76  102   50
   76    4    4   36   33  133  125    0    0   75   77  103   51
   77    5    4   36   33  167  125    0    0   76   78  104   52
   78    6    4   36   33  201  125    0   -1   77   79  105   -1
   79    7    4   36   33  235  125    0   -1   78   80  106   -1
   80    8    4   36   33  269  125    1   -1   79   -1  107   -1
   81   13    4   36   33  439  125   -1    0   -1   82  112   53
   82   14    4   36   33  473  125    0    0   81   83  113   54
   83   15    4   36   33  507  125    0    0   82   84  114   55
   84   16    4   36   33  541  125    0    0   83   85  115   56
   85   17    4   36   33  575  125    0    0   84   86  116   57
   86   18    4   36   33  609  125    0    0   85   87  117   58
   87   19    4   36   33  643  125    0    0   86   88  118   59
   88   20    4   36   33  677  125    0    0   87   89  119   60
   89   21    4   36   33  711  125    0    0   88   90  120   61
   90   22    4   36   33  745  125    0    0   89   91  121   62
   91   23    4   36   33  779  125    0    0   90   92  122   63
   92   24    4   36   33  813  125    0    0   91   93  123   64
   93   25    4   36   33  847  125    0    0   92   94  124   65
   94   26    4   36   33  881  125    0    0   93   95  125   66
   95   27    4   36   33  915  125    0    0   94   96  126   67
   96   28    4   36   33  949  125    0    0   95   97  127   68
   97   29    4   36   33  983  125    0    1   96   98   -1   69
   98   30    4   36   33 1017  125    0    0   97   99  128   70
   99   31    4   35   33 1051  125    1    0   98   -1  129   71
  100    0    5   35   34    1  156   -1    1   -1  101   -1   72
  101    1    5   35   34   34  156    1    1  100   -1   -1   73
  102    3    5   35   34  100  156   -1    1   -1  103   -1   75
  103    4    5   36   34  133  156    0    1  102  104   -1   76
  104    5    5   36   34  167  156    0    0  103  105  130   77
  105    6    5   36   34  201  156    0    0  104  106  131   78
  106    7    5   36   34  235  156    0    0  105  107  132   79
  107    8    5   36   34  269  156    0    0  106  108  133   80
  108    9    5   36   34  303  156    0   -1  107  109  134   -1
  109   10    5   36   34  337  156    0   -1  108  110  135   -1
  110   11    5   36   34  371  156    0   -1  109  111  136   -1
  111   12    5   36   34  405  156    0   -1  110  112  137   -1
  112   13    5   36   34  439  156    0    0  111  113  138   81
  113   14    5   36   34  473  156    0    0  112  114  139   82
  114   15    5   36   34  507  156    0    0  113  115  140   83
  115   16    5   36   34  541  156    0    0  114  116  141   84
  116   17    5   36   34  575  156    0    0  115  117  142   85
  117   18    5   36   34  609  156    0    0  116  118  143   86
  118   19    5   36   34  643  156    0    0  117  119  144   87
  119   20    5   36   34  677  156    0    0  118  120  145   88
  120   21    5   36   34  711  156    0    0  119  121  146   89
  121   22    5   36   34  745  156    0    0  120  122  147   90
  122   23    5   36   34  779  156    0    0  121  123  148   91
  123   24    5   36   34  813  156    0    0  122  124  149   92
  124   25    5   36   34  847  156    0    0  123  125  150   93
  125   26    5   36   34  881  156    0    1  124  126   -1   94
  126   27    5   36   34  915  156    0    1  125  127   -1   95
  127   28    5   36   34  949  156    1    1  126   -1   -1   96
  128   30    5   36   34 1017  156   -1    1   -1  129   -1   98
  129   31    5   35   34 1051  156    1    1  128   -1   -1   99
  130    5    6   36   34  167  188   -1    1   -1  131   -1  104
  131    6    6   36   34  201  188    0    0  130  132  151  105
  132    7    6   36   34  235  188    0    0  131  133  152  106
  133    8    6   36   34  269  188    0    0  132  134  153  107
  134    9    6   36   34  303  188    0    0  133  135  154  108
  135   10    6   36   34  337  188    0    0  134  136  155  109
  136   11    6   36   34  371  188    0    0  135  137  156  110
  137   12    6   36   34  405  188    0    0  136  138  157  111
  138   13    6   36   34  439  188    0    0  137  139  158  112
  139   14    6   36   34  473  188    0    0  138  140  159  113
  140   15    6   36   34  507  188    0    0  139  141  160  114
  141   16    6   36   34  541  188    0    0  140  142  161  115
  142   17    6   36   34  575  188    0    0  141  143  162  116
  143   18    6   36   34  609  188    0    0  142  144  163  117
  144   19    6   36   34  643  188    0    0  143  145  164  118
  145   20    6   36   34  677  188    0    0  144  146  165  119
  146   21    6   36   34  711  188    0    1  145  147   -1  120
  147   22    6   36   34  745  188    0    0  146  148  166  121
  148   23    6   36   34  779  188    0    0  147  149  167  122
  149   24    6   36   34  813  188    0    0  148  150  168  123
  150   25    6   36   34  847  188    1    0  149   -1  169  124
  151    6    7   36   34  201  220   -1    0   -1  152  170  131
  152    7    7   36   34  235  220    0    0  151  153  171  132
  153    8    7   36   34  269  220    0    0  152  154  172  133
  154    9    7   36   34  303  220    0    0  153  155  173  134
  155   10    7   36   34  337  220    0    0  154  156  174  135
  156   11    7   36   34  371  220    0    0  155  157  175  136
  157   12    7   36   34  405  220    0    0  156  158  176  137
  158   13    7   36   34  439  220    0    0  157  159  177  138
  159   14    7   36   34  473  220    0    0  158  160  178  139
  160   15    7   36   34  507  220    0    0  159  161  179  140
  161   16    7   36   34  541  220    0    0  160  162  180  141
  162   17    7   36   34  575  220    0    0  161  163  181  142
  163   18    7   36   34  609  220    0    0  162  164  182  143
  164   19    7   36   34  643  220    0    0  163  165  183  144
  165   20    7   36   34  677  220    1    0  164   -1  184  145
  166   22    7   36   34  745  220   -1    1   -1  167   -1  147
  167   23    7   36   34  779  220    0    0  166  168  185  148
  168   24    7   36   34  813  220    0    0  167  169  186  149
  169   25    7   36   34  847  220    1    1  168   -1   -1  150
  170    6    8   36   34  201  252   -1    1   -1  171   -1  151
  171    7    8   36   34  235  252    0    1  170  172   -1  152
  172    8    8   36   34  269  252    0    0  171  173  187  153
  173    9    8   36   34  303  252    0    0  172  174  188  154
  174   10    8   36   34  337  252    0    0  173  175  189  155
  175   11    8   36   34  371  252    0    0  174  176  190  156
  176   12    8   36   34  405  252    0    0  175  177  191  157
  177   13    8   36   34  439  252    0    0  176  178  192  158
  178   14    8   36   34  473  252    0    0  177  179  193  159
  179   15    8   36   34  507  252    0    1  178  180   -1  160
  180   16    8   36   34  541  252    0    0  179  181  194  161
  181   17    8   36   34  575  252    0    0  180  182  195  162
  182   18    8   36   34  609  252    0    0  181  183  196  163
  183   19    8   36   34  643  252    0    0  182  184  197  164
  184   20    8   36   34  677  252    1    1  183   -1   -1  165
  185   23    8   36   34  779  252   -1    1   -1  186   -1  167
  186   24    8   36   34  813  252    1    1  185   -1   -1  168
  187    8    9   36   34  269  284   -1    0   -1  188  198  172
  188    9    9   36   34  303  284    0    0  187  189  199  173
  189   10    9   36   34  337  284    0    0  188  190  200  174
  190   11    9   36   34  371  284    0    0  189  191  201  175
  191   12    9   36   34  405  284    0    0  190  192  202  176
  192   13    9   36   34  439  284    0    0  191  193  203  177
  193   14    9   36   34  473  284    1    1  192   -1   -1  178
  194   16    9   36   34  541  284   -1    0   -1  195  205  180
  195   17    9   36   34  575  284    0    0  194  196  206  181
  196   18    9   36   34  609  284    0    0  195  197  207  182
  197   19    9   36   34  643  284    1    1  196   -1   -1  183
  198    8   10   36   34  269  316   -1    1   -1  199   -1  187
  199    9   10   36   34  303  316    0    1  198  200   -1  188
  200   10   10   36   34  337  316    0    1  199  201   -1  189
  201   11   10   36   34  371  316    0    1  200  202   -1  190
  202   12   10   36   34  405  316    0    1  201  203   -1  191
  203   13   10   36   34  439  316    1    1  202   -1   -1  192
  204   15   10   36   34  507  316   -1   -1   -1  205  208   -1
  205   16   10   36   34  541  316    0    0  204  206  209  194
  206   17   10   36   34  575  316    0    1  205  207   -1  195
  207   18   10   36   34  609  316    1    1  206   -1   -1  196
  208   15   11   36   33  507  348   -1    1   -1  209   -1  204
  209   16   11   36   33  541  348    1    1  208   -1   -1  205
