    0   16    0   36   56  541    1   -1   -1   -1    1   19   -1
    1   17    0   36   56  575    1    0   -1    0    2   20   -1
    2   18    0   36   56  609    1    0   -1    1    3   21   -1
    3   19    0   36   56  643    1    0   -1    2    4   22   -1
    4   20    0   36   56  677    1    1   -1    3   -1   23   -1
    5   22    0   36   56  745    1   -1   -1   -1    6   25   -1
    6   23    0   36   56  779    1    0   -1    5    7   26   -1
    7   24    0   36   56  813    1    0   -1    6    8   27   -1
    8   25    0   36   56  847    1    0   -1    7    9   28   -1
    9   26    0   36   56  881    1    0   -1    8   10   29   -1
   10   27    0   36   56  915    1    0   -1    9   11   30   -1
   11   28    0   36   56  949    1    0   -1   10   12   31   -1
   12   29    0   36   56  983    1    0   -1   11   13   32   -1
   13   30    0   36   56 1017    1    1   -1   12   -1   33   -1
   14    0    1   35   56    1   55   -1   -1   -1   15   35   -1
   15    1    1   35   56   34   55    1   -1   14   -1   36   -1
   16   13    1   36   56  439   55   -1   -1   -1   17   48   -1
   17   14    1   36   56  473   55    0   -1   16   18   49   -1
   18   15    1   36   56  507   55    0   -1   17   19   50   -1
   19   16    1   36   56  541   55    0    0   18   20   51    0
   20   17    1   36   56  575   55    0    0   19   21   52    1
   21   18    1   36   56  609   55    0    0   20   22   53    2
   22   19    1   36   56  643   55    0    0   21   23   54    3
   23   20    1   36   56  677   55    0    0   22   24   55    4
   24   21    1   36   56  711   55    0   -1   23   25   56   -1
   25   22    1   36   56  745   55    0    0   24   26   57    5
   26   23    1   36   56  779   55    0    0   25   27   58    6
   27   24    1   36   56  813   55    0    0   26   28   59    7
   28   25    1   36   56  847   55    0    0   27   29   60    8
   29   26    1   36   56  881   55    0    0   28   30   61    9
   30   27    1   36   56  915   55    0    0   29   31   62   10
   31   28    1   36   56  949   55    0    0   30   32   63   11
   32   29    1   36   56  983   55    0    0   31   33   64   12
   33   30    1   36   56 1017   55    0    0   32   34   65   13
   34   31    1   35   56 1051   55    1   -1   33   -1   66   -1
   35    0    2   35   56    1  109   -1    0   -1   36   67   14
   36    1    2   35   56   34  109    0    0   35   37   68   15
   37    2    2   35   56   67  109    0    2   36   38   -1   -1
   38    3    2   35   56  100  109    0    2   37   39   -1   -1
   39    4    2   36   56  133  109    0    2   38   40   -1   -1
   40    5    2   36   56  167  109    0   -1   39   41   69   -1
   41    6    2   36   56  201  109    0   -1   40   42   70   -1
   42    7    2   36   56  235  109    0   -1   41   43   71   -1
   43    8    2   36   56  269  109    0   -1   42   44   72   -1
   44    9    2   36   56  303  109    0   -1   43   45   73   -1
   45   10    2   36   56  337  109    0   -1   44   46   74   -1
   46   11    2   36   56  371  109    0   -1   45   47   75   -1
   47   12    2   36   56  405  109    0   -1   46   48   76   -1
   48   13    2   36   56  439  109    0    0   47   49   77   16
   49   14    2   36   56  473  109    0    0   48   50   78   17
   50   15    2   36   56  507  109    0    0   49   51   79   18
   51   16    2   36   56  541  109    0    0   50   52   80   19
   52   17    2   36   56  575  109    0    0   51   53   81   20
   53   18    2   36   56  609  109    0    0   52   54   82   21
   54   19    2   36   56  643  109    0    0   53   55   83   22
   55   20    2   36   56  677  109    0    0   54   56   84   23
   56   21    2   36   56  711  109    0    0   55   57   85   24
   57   22    2   36   56  745  109    0    0   56   58   86   25
   58   23    2   36   56  779  109    0    0   57   59   87   26
   59   24    2   36   56  813  109    0    0   58   60   88   27
   60   25    2   36   56  847  109    0    0   59   61   89   28
   61   26    2   36   56  881  109    0    0   60   62   90   29
   62   27    2   36   56  915  109    0    1   61   63   -1   30
   63   28    2   36   56  949  109    0    1   62   64   -1   31
   64   29    2   36   56  983  109    0    1   63   65   -1   32
   65   30    2   36   56 1017  109    0    1   64   66   -1   33
   66   31    2   35   56 1051  109    1    1   65   -1   -1   34
   67    0    3   35   56    1  163   -1    1   -1   68   -1   35
   68    1    3   35   56   34  163    1    1   67   -1   -1   36
   69    5    3   36   56  167  163   -1    1   -1   70   -1   40
   70    6    3   36   56  201  163    0    0   69   71   91   41
   71    7    3   36   56  235  163    0    0   70   72   92   42
   72    8    3   36   56  269  163    0    0   71   73   93   43
   73    9    3   36   56  303  163    0    0   72   74   94   44
   74   10    3   36   56  337  163    0    0   73   75   95   45
   75   11    3   36   56  371  163    0    0   74   76   96   46
   76   12    3   36   56  405  163    0    0   75   77   97   47
   77   13    3   36   56  439  163    0    0   76   78   98   48
   78   14    3   36   56  473  163    0    0   77   79   99   49
   79   15    3   36   56  507  163    0    0   78   80  100   50
   80   16    3   36   56  541  163    0    0   79   81  101   51
   81   17    3   36   56  575  163    0    0   80   82  102   52
   82   18    3   36   56  609  163    0    0   81   83  103   53
   83   19    3   36   56  643  163    0    0   82   84  104   54
   84   20    3   36   56  677  163    0    0   83   85  105   55
   85   21    3   36   56  711  163    0    1   84   86   -1   56
   86   22    3   36   56  745  163    0    0   85   87  106   57
   87   23    3   36   56  779  163    0    0   86   88  107   58
   88   24    3   36   56  813  163    0    0   87   89  108   59
   89   25    3   36   56  847  163    0    0   88   90  109   60
   90   26    3   36   56  881  163    1    1   89   -1   -1   61
   91    6    4   36   56  201  217   -1    1   -1   92   -1   70
   92    7    4   36   56  235  217    0    0   91   93  110   71
   93    8    4   36   56  269  217    0    0   92   94  111   72
   94    9    4   36   56  303  217    0    0   93   95  112   73
   95   10    4   36   56  337  217    0    0   94   96  113   74
   96   11    4   36   56  371  217    0    0   95   97  114   75
   97   12    4   36   56  405  217    0    0   96   98  115   76
   98   13    4   36   56  439  217    0    0   97   99  116   77
   99   14    4   36   56  473  217    0    0   98  100  117   78
  100   15    4   36   56  507  217    0    0   99  101  118   79
  101   16    4   36   56  541  217    0    0  100  102  119   80
  102   17    4   36   56  575  217    0    0  101  103  120   81
  103   18    4   36   56  609  217    0    0  102  104  121   82
  104   19    4   36   56  643  217    0    0  103  105  122   83
  105   20    4   36   56  677  217    1    0  104   -1  123   84
  106   22    4   36   56  745  217   -1    1   -1  107   -1   86
  107   23    4   36   56  779  217    0    1  106  108   -1   87
  108   24    4   36   56  813  217    0    1  107  109   -1   88
  109   25    4   36   56  847  217    1    1  108   -1   -1   89
  110    7    5   36   56  235  271   -1    1   -1  111   -1   92
  111    8    5   36   56  269  271    0    1  110  112   -1   93
  112    9    5   36   56  303  271    0    1  111  113   -1   94
  113   10    5   36   56  337  271    0    1  112  114   -1   95
  114   11    5   36   56  371  271    0    0  113  115  124   96
  115   12    5   36   56  405  271    0    0  114  116  125   97
  116   13    5   36   56  439  271    0    0  115  117  126   98
  117   14    5   36   56  473  271    0    1  116  118   -1   99
  118   15    5   36   56  507  271    0    0  117  119  127  100
  119   16    5   36   56  541  271    0    0  118  120  128  101
  120   17    5   36   56  575  271    0    0  119  121  129  102
  121   18    5   36   56  609  271    0    1  120  122   -1  103
  122   19    5   36   56  643  271    0    1  121  123   -1  104
  123   20    5   36   56  677  271    1    1  122   -1   -1  105
  124   11    6   36   56  371  325   -1    1   -1  125   -1  114
  125   12    6   36   56  405  325    0    1  124  126   -1  115
  126   13    6   36   56  439  325    1    1  125   -1   -1  116
  127   15    6   36   56  507  325   -1    1   -1  128   -1  118
  128   16    6   36   56  541  325    0    1  127  129   -1  119
  129   17    6   36   56  575  325    1    1  128   -1   -1  120
