    0   23    0   27   29  576    1   -1   -1   -1    1   13   -1
    1   24    0   27   29  601    1    0   -1    0    2   14   -1
    2   25    0   27   29  626    1    0   -1    1    3   15   -1
    3   26    0   27   29  651    1    0   -1    2    4   16   -1
    4   27    0   27   29  676    1    1   -1    3   -1   17   -1
    5   34    0   28   29  851    1   -1   -1   -1    6   23   -1
    6   35    0   28   29  877    1    0   -1    5    7   24   -1
    7   36    0   28   29  903    1    0   -1    6    8   25   -1
    8   37    0   28   29  929    1    1   -1    7   -1   26   -1
    9   39    0   28   29  981    1   -1   -1   -1   10   28   -1
   10   40    0   28   29 1007    1    0   -1    9   11   29   -1
   11   41    0   28   29 1033    1    1   -1   10   -1   30   -1
   12   22    1   27   29  551   28   -1   -1   -1   13   36   -1
   13   23    1   27   29  576   28    0    0   12   14   37    0
   14   24    1   27   29  601   28    0    0   13   15   38    1
   15   25    1   27   29  626   28    0    0   14   16   39    2
   16   26    1   27   29  651   28    0    0   15   17   40    3
   17   27    1   27   29  676   28    0    0   16   18   41    4
   18   28    1   27   29  701   28    1   -1   17   -1   42   -1
   19   30    1   27   29  751   28   -1   -1   -1   20   44   -1
   20   31    1   27   29  776   28    0   -1   19   21   45   -1
   21   32    1   27   29  801   28    0   -1   20   22   46   -1
   22   33    1   27   29  826   28    0   -1   21   23   47   -1
   23   34    1   28   29  851   28    0    0   22   24   48    5
   24   35    1   28   29  877   28    0    0   23   25   49    6
   25   36    1   28   29  903   28    0    0   24   26   50    7
   26   37    1   28   29  929   28    0    0   25   27   51    8
   27   38    1   28   29  955   28    0   -1   26   28   52   -1
   28   39    1   28   29  981   28    0    0   27   29   53    9
   29   40    1   28   29 1007   28    0    0   28   30   54   10
   30   41    1   28   29 1033   28    1    0   29   -1   55   11
   31    0    2   27   29    1   55   -1   -1   -1   32   57   -1
   32    1    2   27   29   26   55    1   -1   31   -1   58   -1
   33   19    2   27   29  476   55   -1   -1   -1   34   61   -1
   34   20    2   27   29  501   55    0   -1   33   35   62   -1
   35   21    2   27   29  526   55    0   -1   34   36   63   -1
   36   22    2   27   29  551   55    0    0   35   37   64   12
   37   23    2   27   29  576   55    0    0   36   38   65   13
   38   24    2   27   29  601   55    0    0   37   39   66   14
   39   25    2   27   29  626   55    0    0   38   40   67   15
   40   26    2   27   29  651   55    0    0   39   41   68   16
   41   27    2   27   29  676   55    0    0   40   42   69   17
   42   28    2   27   29  701   55    0    0   41   43   70   18
   43   29    2   27   29  726   55    0   -1   42   44   71   -1
   44   30    2   27   29  751   55    0    0   43   45   72   19
   45   31    2   27   29  776   55    0    0   44   46   73   20
   46   32    2   27   29  801   55    0    0   45   47   74   21
   47   33    2   27   29  826   55    0    0   46   48   75   22
   48   34    2   28   29  851   55    0    0   47   49   76   23
   49   35    2   28   29  877   55    0    0   48   50   77   24
   50   36    2   28   29  903   55    0    0   49   51   78   25
   51   37    2   28   29  929   55    0    0   50   52   79   26
   52   38    2   28   29  955   55    0    0   51   53   80   27
   53   39    2   28   29  981   55    0    0   52   54   81   28
   54   40    2   28   29 1007   55    0    0   53   55   82   29
   55   41    2   28   29 1033   55    0    0   54   56   83   30
   56   42    2   27   29 1059   55    1   -1   55   -1   84   -1
   57    0    3   27   29    1   82   -1    0   -1   58   85   31
   58    1    3   27   29   26   82    0    0   57   59   86   32
   59    2    3   27   29   51   82    1   -1   58   -1   87   -1
   60   18    3   27   29  451   82   -1   -1   -1   61   94   -1
   61   19    3   27   29  476   82    0    0   60   62   95   33
   62   20    3   27   29  501   82    0    0   61   63   96   34
   63   21    3   27   29  526   82    0    0   62   64   97   35
   64   22    3   27   29  551   82    0    0   63   65   98   36
   65   23    3   27   29  576   82    0    0   64   66   99   37
   66   24    3   27   29  601   82    0    0   65   67  100   38
   67   25    3   27   29  626   82    0    0   66   68  101   39
   68   26    3   27   29  651   82    0    0   67   69  102   40
   69   27    3   27   29  676   82    0    0   68   70  103   41
   70   28    3   27   29  701   82    0    0   69   71  104   42
   71   29    3   27   29  726   82    0    0   70   72  105   43
   72   30    3   27   29  751   82    0    0   71   73  106   44
   73   31    3   27   29  776   82    0    0   72   74  107   45
   74   32    3   27   29  801   82    0    0   73   75  108   46
   75   33    3   27   29  826   82    0    0   74   76  109   47
   76   34    3   28   29  851   82    0    0   75   77  110   48
   77   35    3   28   29  877   82    0    0   76   78  111   49
   78   36    3   28   29  903   82    0    0   77   79  112   50
   79   37    3   28   29  929   82    0    0   78   80  113   51
   80   38    3   28   29  955   82    0    0   79   81  114   52
   81   39    3   28   29  981   82    0    0   80   82  115   53
   82   40    3   28   29 1007   82    0    0   81   83  116   54
   83   41    3   28   29 1033   82    0    0   82   84  117   55
   84   42    3   27   29 1059   82    1    0   83   -1  118   56
   85    0    4   27   29    1  109   -1    0   -1   86  119   57
   86    1    4   27   29   26  109    0    0   85   87  120   58
   87    2    4   27   29   51  109    0    0   86   88  121   59
   88    3    4   27   29   76  109    0   -1   87   89  122   -1
   89    4    4   27   29  101  109    0   -1   88   90  123   -1
   90    5    4   27   29  126  109    0   -1   89   91  124   -1
   91    6    4   27   29  151  109    0   -1   90   92  125   -1
   92    7    4   27   29  176  109    0   -1   91   93  126   -1
   93    8    4   27   29  201  109    1   -1   92   -1  127   -1
   94   18    4   27   29  451  109   -1    0   -1   95  136   60
   95   19    4   27   29  476  109    0    0   94   96  137   61
   96   20    4   27   29  501  109    0    0   95   97  138   62
   97   21    4   27   29  526  109    0    0   96   98  139   63
   98   22    4   27   29  551  109    0    0   97   99  140   64
   99   23    4   27   29  576  109    0    0   98  100  141   65
  100   24    4   27   29  601  109    0    0   99  101  142   66
  101   25    4   27   29  626  109    0    0  100  102  143   67
  102   26    4   27   29  651  109    0    0  101  103  144   68
  103   27    4   27   29  676  109    0    0  102  104  145   69
  104   28    4   27   29  701  109    0    0  103  105  146   70
  105   29    4   27   29  726  109    0    0  104  106  147   71
  106   30    4   27   29  751  109    0    0  105  107  148   72
  107   31    4   27   29  776  109    0    0  106  108  149   73
  108   32    4   27   29  801  109    0    0  107  109  150   74
  109   33    4   27   29  826  109    0    0  108  110  151   75
  110   34    4   28   29  851  109    0    0  109  111  152   76
  111   35    4   28   29  877  109    0    0  110  112  153   77
  112   36    4   28   29  903  109    0    0  111  113  154   78
  113   37    4   28   29  929  109    0    0  112  114  155   79
  114   38    4   28   29  955  109    0    0  113  115  156   80
  115   39    4   28   29  981  109    0    0  114  116  157   81
  116   40    4   28   29 1007  109    0    0  115  117  158   82
  117   41    4   28   29 1033  109    0    0  116  118  159   83
  118   42    4   27   29 1059  109    1    0  117   -1  160   84
  119    0    5   27   29    1  136   -1    0   -1  120  161   85
  120    1    5   27   29   26  136    0    0  119  121  162   86
  121    2    5   27   29   51  136    0    0  120  122  163   87
  122    3    5   27   29   76  136    0    1  121  123   -1   88
  123    4    5   27   29  101  136    0    1  122  124   -1   89
  124    5    5   27   29  126  136    0    1  123  125   -1   90
  125    6    5   27   29  151  136    0    0  124  126  164   91
  126    7    5   27   29  176  136    0    0  125  127  165   92
  127    8    5   27   29  201  136    0    0  126  128  166   93
  128    9    5   27   29  226  136    0   -1  127  129  167   -1
  129   10    5   27   29  251  136    0   -1  128  130  168   -1
  130   11    5   27   29  276  136    0   -1  129  131  169   -1
  131   12    5   27   29  301  136    0   -1  130  132  170   -1
  132   13    5   27   29  326  136    0   -1  131  133  171   -1
  133   14    5   27   29  351  136    0   -1  132  134  172   -1
  134   15    5   27   29  376  136    0   -1  133  135  173   -1
  135   16    5   27   29  401  136    1   -1  134   -1  174   -1
  136   18    5   27   29  451  136   -1    0   -1  137  176   94
  137   19    5   27   29  476  136    0    0  136  138  177   95
  138   20    5   27   29  501  136    0    0  137  139  178   96
  139   21    5   27   29  526  136    0    0  138  140  179   97
  140   22    5   27   29  551  136    0    0  139  141  180   98
  141   23    5   27   29  576  136    0    0  140  142  181   99
  142   24    5   27   29  601  136    0    0  141  143  182  100
  143   25    5   27   29  626  136    0    0  142  144  183  101
  144   26    5   27   29  651  136    0    0  143  145  184  102
  145   27    5   27   29  676  136    0    0  144  146  185  103
  146   28    5   27   29  701  136    0    0  145  147  186  104
  147   29    5   27   29  726  136    0    0  146  148  187  105
  148   30    5   27   29  751  136    0    0  147  149  188  106
  149   31    5   27   29  776  136    0    0  148  150  189  107
  150   32    5   27   29  801  136    0    0  149  151  190  108
  151   33    5   27   29  826  136    0    0  150  152  191  109
  152   34    5   28   29  851  136    0    0  151  153  192  110
  153   35    5   28   29  877  136    0    0  152  154  193  111
  154   36    5   28   29  903  136    0    1  153  155   -1  112
  155   37    5   28   29  929  136    0    1  154  156   -1  113
  156   38    5   28   29  955  136    0    1  155  157   -1  114
  157   39    5   28   29  981  136    0    1  156  158   -1  115
  158   40    5   28   29 1007  136    0    1  157  159   -1  116
  159   41    5   28   29 1033  136    0    1  158  160   -1  117
  160   42    5   27   29 1059  136    1    1  159   -1   -1  118
  161    0    6   27   29    1  163   -1    1   -1  162   -1  119
  162    1    6   27   29   26  163    0    1  161  163   -1  120
  163    2    6   27   29   51  163    1    1  162   -1   -1  121
  164    6    6   27   29  151  163   -1    1   -1  165   -1  125
  165    7    6   27   29  176  163    0    0  164  166  194  126
  166    8    6   27   29  201  163    0    0  165  167  195  127
  167    9    6   27   29  226  163    0    0  166  168  196  128
  168   10    6   27   29  251  163    0    0  167  169  197  129
  169   11    6   27   29  276  163    0    0  168  170  198  130
  170   12    6   27   29  301  163    0    0  169  171  199  131
  171   13    6   27   29  326  163    0    0  170  172  200  132
  172   14    6   27   29  351  163    0    0  171  173  201  133
  173   15    6   27   29  376  163    0    0  172  174  202  134
  174   16    6   27   29  401  163    0    0  173  175  203  135
  175   17    6   27   29  426  163    0   -1  174  176  204   -1
  176   18    6   27   29  451  163    0    0  175  177  205  136
  177   19    6   27   29  476  163    0    0  176  178  206  137
  178   20    6   27   29  501  163    0    0  177  179  207  138
  179   21    6   27   29  526  163    0    0  178  180  208  139
  180   22    6   27   29  551  163    0    0  179  181  209  140
  181   23    6   27   29  576  163    0    0  180  182  210  141
  182   24    6   27   29  601  163    0    0  181  183  211  142
  183   25    6   27   29  626  163    0    0  182  184  212  143
  184   26    6   27   29  651  163    0    0  183  185  213  144
  185   27    6   27   29  676  163    0    0  184  186  214  145
  186   28    6   27   29  701  163    0    0  185  187  215  146
  187   29    6   27   29  726  163    0    0  186  188  216  147
  188   30    6   27   29  751  163    0    0  187  189  217  148
  189   31    6   27   29  776  163    0    0  188  190  218  149
  190   32    6   27   29  801  163    0    0  189  191  219  150
  191   33    6   27   29  826  163    0    0  190  192  220  151
  192   34    6   28   29  851  163    0    0  191  193  221  152
  193   35    6   28   29  877  163    1    1  192   -1   -1  153
  194    7    7   27   29  176  190   -1    1   -1  195   -1  165
  195    8    7   27   29  201  190    0    0  194  196  222  166
  196    9    7   27   29  226  190    0    0  195  197  223  167
  197   10    7   27   29  251  190    0    0  196  198  224  168
  198   11    7   27   29  276  190    0    0  197  199  225  169
  199   12    7   27   29  301  190    0    0  198  200  226  170
  200   13    7   27   29  326  190    0    0  199  201  227  171
  201   14    7   27   29  351  190    0    0  200  202  228  172
  202   15    7   27   29  376  190    0    0  201  203  229  173
  203   16    7   27   29  401  190    0    0  202  204  230  174
  204   17    7   27   29  426  190    0    0  203  205  231  175
  205   18    7   27   29  451  190    0    0  204  206  232  176
  206   19    7   27   29  476  190    0    0  205  207  233  177
  207   20    7   27   29  501  190    0    0  206  208  234  178
  208   21    7   27   29  526  190    0    0  207  209  235  179
  209   22    7   27   29  551  190    0    0  208  210  236  180
  210   23    7   27   29  576  190    0    0  209  211  237  181
  211   24    7   27   29  601  190    0    0  210  212  238  182
  212   25    7   27   29  626  190    0    0  211  213  239  183
  213   26    7   27   29  651  190    0    0  212  214  240  184
  214   27    7   27   29  676  190    0    0  213  215  241  185
  215   28    7   27   29  701  190    0    0  214  216  242  186
  216   29    7   27   29  726  190    0    1  215  217   -1  187
  217   30    7   27   29  751  190    0    0  216  218  243  188
  218   31    7   27   29  776  190    0    0  217  219  244  189
  219   32    7   27   29  801  190    0    0  218  220  245  190
  220   33    7   27   29  826  190    0    0  219  221  246  191
  221   34    7   28   29  851  190    1    0  220   -1  247  192
  222    8    8   27   29  201  217   -1    0   -1  223  248  195
  223    9    8   27   29  226  217    0    0  222  224  249  196
  224   10    8   27   29  251  217    0    0  223  225  250  197
  225   11    8   27   29  276  217    0    0  224  226  251  198
  226   12    8   27   29  301  217    0    0  225  227  252  199
  227   13    8   27   29  326  217    0    0  226  228  253  200
  228   14    8   27   29  351  217    0    0  227  229  254  201
  229   15    8   27   29  376  217    0    0  228  230  255  202
  230   16    8   27   29  401  217    0    0  229  231  256  203
  231   17    8   27   29  426  217    0    0  230  232  257  204
  232   18    8   27   29  451  217    0    0  231  233  258  205
  233   19    8   27   29  476  217    0    0  232  234  259  206
  234   20    8   27   29  501  217    0    0  233  235  260  207
  235   21    8   27   29  526  217    0    0  234  236  261  208
  236   22    8   27   29  551  217    0    0  235  237  262  209
  237   23    8   27   29  576  217    0    0  236  238  263  210
  238   24    8   27   29  601  217    0    0  237  239  264  211
  239   25    8   27   29  626  217    0    0  238  240  265  212
  240   26    8   27   29  651  217    0    0  239  241  266  213
  241   27    8   27   29  676  217    0    0  240  242  267  214
  242   28    8   27   29  701  217    1    1  241   -1   -1  215
  243   30    8   27   29  751  217   -1    0   -1  244  268  217
  244   31    8   27   29  776  217    0    0  243  245  269  218
  245   32    8   27   29  801  217    0    0  244  246  270  219
  246   33    8   27   29  826  217    0    0  245  247  271  220
  247   34    8   28   29  851  217    1    0  246   -1  272  221
  248    8    9   27   29  201  244   -1    1   -1  249   -1  222
  249    9    9   27   29  226  244    0    1  248  250   -1  223
  250   10    9   27   29  251  244    0    0  249  251  273  224
  251   11    9   27   29  276  244    0    0  250  252  274  225
  252   12    9   27   29  301  244    0    0  251  253  275  226
  253   13    9   27   29  326  244    0    0  252  254  276  227
  254   14    9   27   29  351  244    0    0  253  255  277  228
  255   15    9   27   29  376  244    0    0  254  256  278  229
  256   16    9   27   29  401  244    0    0  255  257  279  230
  257   17    9   27   29  426  244    0    0  256  258  280  231
  258   18    9   27   29  451  244    0    0  257  259  281  232
  259   19    9   27   29  476  244    0    0  258  260  282  233
  260   20    9   27   29  501  244    0    0  259  261  283  234
  261   21    9   27   29  526  244    0    1  260  262   -1  235
  262   22    9   27   29  551  244    0    0  261  263  284  236
  263   23    9   27   29  576  244    0    0  262  264  285  237
  264   24    9   27   29  601  244    0    0  263  265  286  238
  265   25    9   27   29  626  244    0    0  264  266  287  239
  266   26    9   27   29  651  244    0    0  265  267  288  240
  267   27    9   27   29  676  244    1    0  266   -1  289  241
  268   30    9   27   29  751  244   -1    1   -1  269   -1  243
  269   31    9   27   29  776  244    0    1  268  270   -1  244
  270   32    9   27   29  801  244    0    1  269  271   -1  245
  271   33    9   27   29  826  244    0    1  270  272   -1  246
  272   34    9   28   29  851  244    1    1  271   -1   -1  247
  273   10   10   27   29  251  271   -1    1   -1  274   -1  250
  274   11   10   27   29  276  271    0    0  273  275  290  251
  275   12   10   27   29  301  271    0    0  274  276  291  252
  276   13   10   27   29  326  271    0    0  275  277  292  253
  277   14   10   27   29  351  271    0    0  276  278  293  254
  278   15   10   27   29  376  271    0    0  277  279  294  255
  279   16   10   27   29  401  271    0    0  278  280  295  256
  280   17   10   27   29  426  271    0    0  279  281  296  257
  281   18   10   27   29  451  271    0    0  280  282  297  258
  282   19   10   27   29  476  271    0    0  281  283  298  259
  283   20   10   27   29  501  271    1    1  282   -1   -1  260
  284   22   10   27   29  551  271   -1    0   -1  285  300  262
  285   23   10   27   29  576  271    0    0  284  286  301  263
  286   24   10   27   29  601  271    0    0  285  287  302  264
  287   25   10   27   29  626  271    0    0  286  288  303  265
  288   26   10   27   29  651  271    0    0  287  289  304  266
  289   27   10   27   29  676  271    1    1  288   -1   -1  267
  290   11   11   27   29  276  298   -1    1   -1  291   -1  274
  291   12   11   27   29  301  298    0    1  290  292   -1  275
  292   13   11   27   29  326  298    0    1  291  293   -1  276
  293   14   11   27   29  351  298    0    1  292  294   -1  277
  294   15   11   27   29  376  298    0    0  293  295  305  278
  295   16   11   27   29  401  298    0    0  294  296  306  279
  296   17   11   27   29  426  298    0    0  295  297  307  280
  297   18   11   27   29  451  298    0    0  296  298  308  281
  298   19   11   27   29  476  298    1    1  297   -1   -1  282
  299   21   11   27   29  526  298   -1   -1   -1  300  310   -1
  300   22   11   27   29  551  298    0    0  299  301  311  284
  301   23   11   27   29  576  298    0    0  300  302  312  285
  302   24   11   27   29  601  298    0    1  301  303   -1  286
  303   25   11   27   29  626  298    0    1  302  304   -1  287
  304   26   11   27   29  651  298    1    1  303   -1   -1  288
  305   15   12   27   29  376  325   -1    1   -1  306   -1  294
  306   16   12   27   29  401  325    0    1  305  307   -1  295
  307   17   12   27   29  426  325    0    1  306  308   -1  296
  308   18   12   27   29  451  325    1    1  307   -1   -1  297
  309   20   12   27   29  501  325   -1   -1   -1  310  313   -1
  310   21   12   27   29  526  325    0    0  309  311  314  299
  311   22   12   27   29  551  325    0    0  310  312  315  300
  312   23   12   27   29  576  325    1    1  311   -1   -1  301
  313   20   13   27   29  501  352   -1    1   -1  314   -1  309
  314   21   13   27   29  526  352    0    1  313  315   -1  310
  315   22   13   27   29  551  352    1    1  314   -1   -1  311
