    0   37    0   19   20  630    1   -1   -1   -1    1    8   -1
    1   38    0   19   20  647    1    0   -1    0    2    9   -1
    2   39    0   19   20  664    1    0   -1    1    3   10   -1
    3   40    0   19   20  681    1    1   -1    2   -1   11   -1
    4   53    0   20   20  905    1    2   -1   -1   -1   17   -1
    5   34    1   19   20  579   19   -1   -1   -1    6   26   -1
    6   35    1   19   20  596   19    0   -1    5    7   27   -1
    7   36    1   19   20  613   19    0   -1    6    8   28   -1
    8   37    1   19   20  630   19    0    0    7    9   29    0
    9   38    1   19   20  647   19    0    0    8   10   30    1
   10   39    1   19   20  664   19    0    0    9   11   31    2
   11   40    1   19   20  681   19    1    0   10   -1   32    3
   12   48    1   19   20  817   19   -1   -1   -1   13   37   -1
   13   49    1   19   20  834   19    0   -1   12   14   38   -1
   14   50    1   20   20  851   19    0   -1   13   15   39   -1
   15   51    1   20   20  869   19    0   -1   14   16   40   -1
   16   52    1   20   20  887   19    0   -1   15   17   41   -1
   17   53    1   20   20  905   19    0    0   16   18   42    4
   18   54    1   20   20  923   19    0   -1   17   19   43   -1
   19   55    1   20   20  941   19    0   -1   18   20   44   -1
   20   56    1   20   20  959   19    0   -1   19   21   45   -1
   21   57    1   20   20  977   19    0   -1   20   22   46   -1
   22   58    1   20   20  995   19    0   -1   21   23   47   -1
   23   59    1   20   20 1013   19    0   -1   22   24   48   -1
   24   60    1   20   20 1031   19    1   -1   23   -1   49   -1
   25   33    2   19   20  562   37   -1   -1   -1   26   57   -1
   26   34    2   19   20  579   37    0    0   25   27   58    5
   27   35    2   19   20  596   37    0    0   26   28   59    6
   28   36    2   19   20  613   37    0    0   27   29   60    7
   29   37    2   19   20  630   37    0    0   28   30   61    8
   30   38    2   19   20  647   37    0    0   29   31   62    9
   31   39    2   19   20  664   37    0    0   30   32   63   10
   32   40    2   19   20  681   37    0    0   31   33   64   11
   33   41    2   19   20  698   37    1   -1   32   -1   65   -1
   34   45    2   19   20  766   37   -1   -1   -1   35   69   -1
   35   46    2   19   20  783   37    0   -1   34   36   70   -1
   36   47    2   19   20  800   37    0   -1   35   37   71   -1
   37   48    2   19   20  817   37    0    0   36   38   72   12
   38   49    2   19   20  834   37    0    0   37   39   73   13
   39   50    2   20   20  851   37    0    0   38   40   74   14
   40   51    2   20   20  869   37    0    0   39   41   75   15
   41   52    2   20   20  887   37    0    0   40   42   76   16
   42   53    2   20   20  905   37    0    0   41   43   77   17
   43   54    2   20   20  923   37    0    0   42   44   78   18
   44   55    2   20   20  941   37    0    0   43   45   79   19
   45   56    2   20   20  959   37    0    0   44   46   80   20
   46   57    2   20   20  977   37    0    0   45   47   81   21
   47   58    2   20   20  995   37    0    0   46   48   82   22
   48   59    2   20   20 1013   37    0    0   47   49   83   23
   49   60    2   20   20 1031   37    0    0   48   50   84   24
   50   61    2   20   20 1049   37    1   -1   49   -1   85   -1
   51    0    3   19   20    1   55    2   -1   -1   -1   86   -1
   52   28    3   19   20  477   55   -1   -1   -1   53   91   -1
   53   29    3   19   20  494   55    0   -1   52   54   92   -1
   54   30    3   19   20  511   55    0   -1   53   55   93   -1
   55   31    3   19   20  528   55    0   -1   54   56   94   -1
   56   32    3   19   20  545   55    0   -1   55   57   95   -1
   57   33    3   19   20  562   55    0    0   56   58   96   25
   58   34    3   19   20  579   55    0    0   57   59   97   26
   59   35    3   19   20  596   55    0    0   58   60   98   27
   60   36    3   19   20  613   55    0    0   59   61   99   28
   61   37    3   19   20  630   55    0    0   60   62  100   29
   62   38    3   19   20  647   55    0    0   61   63  101   30
   63   39    3   19   20  664   55    0    0   62   64  102   31
   64   40    3   19   20  681   55    0    0   63   65  103   32
   65   41    3   19   20  698   55    0    0   64   66  104   33
   66   42    3   19   20  715   55    0   -1   65   67  105   -1
   67   43    3   19   20  732   55    0   -1   66   68  106   -1
   68   44    3   19   20  749   55    0   -1   67   69  107   -1
   69   45    3   19   20  766   55    0    0   68   70  108   34
   70   46    3   19   20  783   55    0    0   69   71  109   35
   71   47    3   19   20  800   55    0    0   70   72  110   36
   72   48    3   19   20  817   55    0    0   71   73  111   37
   73   49    3   19   20  834   55    0    0   72   74  112   38
   74   50    3   20   20  851   55    0    0   73   75  113   39
   75   51    3   20   20  869   55    0    0   74   76  114   40
   76   52    3   20   20  887   55    0    0   75   77  115   41
   77   53    3   20   20  905   55    0    0   76   78  116   42
   78   54    3   20   20  923   55    0    0   77   79  117   43
   79   55    3   20   20  941   55    0    0   78   80  118   44
   80   56    3   20   20  959   55    0    0   79   81  119   45
   81   57    3   20   20  977   55    0    0   80   82  120   46
   82   58    3   20   20  995   55    0    0   81   83  121   47
   83   59    3   20   20 1013   55    0    0   82   84  122   48
   84   60    3   20   20 1031   55    0    0   83   85  123   49
   85   61    3   20   20 1049   55    1    0   84   -1  124   50
   86    0    4   19   20    1   73   -1    0   -1   87  126   51
   87    1    4   19   20   18   73    0   -1   86   88  127   -1
   88    2    4   19   20   35   73    1   -1   87   -1  128   -1
   89   26    4   19   20  443   73   -1   -1   -1   90  130   -1
   90   27    4   19   20  460   73    0   -1   89   91  131   -1
   91   28    4   19   20  477   73    0    0   90   92  132   52
   92   29    4   19   20  494   73    0    0   91   93  133   53
   93   30    4   19   20  511   73    0    0   92   94  134   54
   94   31    4   19   20  528   73    0    0   93   95  135   55
   95   32    4   19   20  545   73    0    0   94   96  136   56
   96   33    4   19   20  562   73    0    0   95   97  137   57
   97   34    4   19   20  579   73    0    0   96   98  138   58
   98   35    4   19   20  596   73    0    0   97   99  139   59
   99   36    4   19   20  613   73    0    0   98  100  140   60
  100   37    4   19   20  630   73    0    0   99  101  141   61
  101   38    4   19   20  647   73    0    0  100  102  142   62
  102   39    4   19   20  664   73    0    0  101  103  143   63
  103   40    4   19   20  681   73    0    0  102  104  144   64
  104   41    4   19   20  698   73    0    0  103  105  145   65
  105   42    4   19   20  715   73    0    0  104  106  146   66
  106   43    4   19   20  732   73    0    0  105  107  147   67
  107   44    4   19   20  749   73    0    0  106  108  148   68
  108   45    4   19   20  766   73    0    0  107  109  149   69
  109   46    4   19   20  783   73    0    0  108  110  150   70
  110   47    4   19   20  800   73    0    0  109  111  151   71
  111   48    4   19   20  817   73    0    0  110  112  152   72
  112   49    4   19   20  834   73    0    0  111  113  153   73
  113   50    4   20   20  851   73    0    0  112  114  154   74
  114   51    4   20   20  869   73    0    0  113  115  155   75
  115   52    4   20   20  887   73    0    0  114  116  156   76
  116   53    4   20   20  905   73    0    0  115  117  157   77
  117   54    4   20   20  923   73    0    0  116  118  158   78
  118   55    4   20   20  941   73    0    0  117  119  159   79
  119   56    4   20   20  959   73    0    0  118  120  160   80
  120   57    4   20   20  977   73    0    0  119  121  161   81
  121   58    4   20   20  995   73    0    0  120  122  162   82
  122   59    4   20   20 1013   73    0    0  121  123  163   83
  123   60    4   20   20 1031   73    0    0  122  124  164   84
  124   61    4   20   20 1049   73    0    0  123  125  165   85
  125   62    4   19   20 1067   73    1   -1  124   -1  166   -1
  126    0    5   19   20    1   91   -1    0   -1  127  167   86
  127    1    5   19   20   18   91    0    0  126  128  168   87
  128    2    5   19   20   35   91    0    0  127  129  169   88
  129    3    5   19   20   52   91    1   -1  128   -1  170   -1
  130   26    5   19   20  443   91   -1    1   -1  131   -1   89
  131   27    5   19   20  460   91    0    0  130  132  177   90
  132   28    5   19   20  477   91    0    0  131  133  178   91
  133   29    5   19   20  494   91    0    0  132  134  179   92
  134   30    5   19   20  511   91    0    0  133  135  180   93
  135   31    5   19   20  528   91    0    0  134  136  181   94
  136   32    5   19   20  545   91    0    0  135  137  182   95
  137   33    5   19   20  562   91    0    0  136  138  183   96
  138   34    5   19   20  579   91    0    0  137  139  184   97
  139   35    5   19   20  596   91    0    0  138  140  185   98
  140   36    5   19   20  613   91    0    0  139  141  186   99
  141   37    5   19   20  630   91    0    0  140  142  187  100
  142   38    5   19   20  647   91    0    0  141  143  188  101
  143   39    5   19   20  664   91    0    0  142  144  189  102
  144   40    5   19   20  681   91    0    0  143  145  190  103
  145   41    5   19   20  698   91    0    0  144  146  191  104
  146   42    5   19   20  715   91    0    0  145  147  192  105
  147   43    5   19   20  732   91    0    0  146  148  193  106
  148   44    5   19   20  749   91    0    0  147  149  194  107
  149   45    5   19   20  766   91    0    0  148  150  195  108
  150   46    5   19   20  783   91    0    0  149  151  196  109
  151   47    5   19   20  800   91    0    0  150  152  197  110
  152   48    5   19   20  817   91    0    0  151  153  198  111
  153   49    5   19   20  834   91    0    0  152  154  199  112
  154   50    5   20   20  851   91    0    0  153  155  200  113
  155   51    5   20   20  869   91    0    0  154  156  201  114
  156   52    5   20   20  887   91    0    0  155  157  202  115
  157   53    5   20   20  905   91    0    0  156  158  203  116
  158   54    5   20   20  923   91    0    0  157  159  204  117
  159   55    5   20   20  941   91    0    0  158  160  205  118
  160   56    5   20   20  959   91    0    0  159  161  206  119
  161   57    5   20   20  977   91    0    0  160  162  207  120
  162   58    5   20   20  995   91    0    0  161  163  208  121
  163   59    5   20   20 1013   91    0    0  162  164  209  122
  164   60    5   20   20 1031   91    0    0  163  165  210  123
  165   61    5   20   20 1049   91    0    0  164  166  211  124
  166   62    5   19   20 1067   91    1    0  165   -1  212  125
  167    0    6   19   20    1  109   -1    0   -1  168  213  126
  168    1    6   19   20   18  109    0    0  167  169  214  127
  169    2    6   19   20   35  109    0    0  168  170  215  128
  170    3    6   19   20   52  109    1    0  169   -1  216  129
  171    5    6   19   20   86  109   -1   -1   -1  172  218   -1
  172    6    6   19   20  103  109    0   -1  171  173  219   -1
  173    7    6   19   20  120  109    0   -1  172  174  220   -1
  174    8    6   19   20  137  109    0   -1  173  175  221   -1
  175    9    6   19   20  154  109    0   -1  174  176  222   -1
  176   10    6   19   20  171  109    1   -1  175   -1  223   -1
  177   27    6   19   20  460  109   -1    0   -1  178  226  131
  178   28    6   19   20  477  109    0    0  177  179  227  132
  179   29    6   19   20  494  109    0    0  178  180  228  133
  180   30    6   19   20  511  109    0    0  179  181  229  134
  181   31    6   19   20  528  109    0    0  180  182  230  135
  182   32    6   19   20  545  109    0    0  181  183  231  136
  183   33    6   19   20  562  109    0    0  182  184  232  137
  184   34    6   19   20  579  109    0    0  183  185  233  138
  185   35    6   19   20  596  109    0    0  184  186  234  139
  186   36    6   19   20  613  109    0    0  185  187  235  140
  187   37    6   19   20  630  109    0    0  186  188  236  141
  188   38    6   19   20  647  109    0    0  187  189  237  142
  189   39    6   19   20  664  109    0    0  188  190  238  143
  190   40    6   19   20  681  109    0    0  189  191  239  144
  191   41    6   19   20  698  109    0    0  190  192  240  145
  192   42    6   19   20  715  109    0    0  191  193  241  146
  193   43    6   19   20  732  109    0    0  192  194  242  147
  194   44    6   19   20  749  109    0    0  193  195  243  148
  195   45    6   19   20  766  109    0    0  194  196  244  149
  196   46    6   19   20  783  109    0    0  195  197  245  150
  197   47    6   19   20  800  109    0    0  196  198  246  151
  198   48    6   19   20  817  109    0    0  197  199  247  152
  199   49    6   19   20  834  109    0    0  198  200  248  153
  200   50    6   20   20  851  109    0    0  199  201  249  154
  201   51    6   20   20  869  109    0    0  200  202  250  155
  202   52    6   20   20  887  109    0    0  201  203  251  156
  203   53    6   20   20  905  109    0    0  202  204  252  157
  204   54    6   20   20  923  109    0    0  203  205  253  158
  205   55    6   20   20  941  109    0    0  204  206  254  159
  206   56    6   20   20  959  109    0    0  205  207  255  160
  207   57    6   20   20  977  109    0    0  206  208  256  161
  208   58    6   20   20  995  109    0    0  207  209  257  162
  209   59    6   20   20 1013  109    0    0  208  210  258  163
  210   60    6   20   20 1031  109    0    0  209  211  259  164
  211   61    6   20   20 1049  109    0    0  210  212  260  165
  212   62    6   19   20 1067  109    1    0  211   -1  261  166
  213    0    7   19   20    1  127   -1    0   -1  214  262  167
  214    1    7   19   20   18  127    0    0  213  215  263  168
  215    2    7   19   20   35  127    0    0  214  216  264  169
  216    3    7   19   20   52  127    0    0  215  217  265  170
  217    4    7   19   20   69  127    0    2  216  218   -1   -1
  218    5    7   19   20   86  127    0    0  217  219  266  171
  219    6    7   19   20  103  127    0    0  218  220  267  172
  220    7    7   19   20  120  127    0    0  219  221  268  173
  221    8    7   19   20  137  127    0    0  220  222  269  174
  222    9    7   19   20  154  127    0    0  221  223  270  175
  223   10    7   19   20  171  127    0    0  222  224  271  176
  224   11    7   19   20  188  127    0   -1  223  225  272   -1
  225   12    7   19   20  205  127    1   -1  224   -1  273   -1
  226   27    7   19   20  460  127   -1    0   -1  227  286  177
  227   28    7   19   20  477  127    0    0  226  228  287  178
  228   29    7   19   20  494  127    0    0  227  229  288  179
  229   30    7   19   20  511  127    0    0  228  230  289  180
  230   31    7   19   20  528  127    0    0  229  231  290  181
  231   32    7   19   20  545  127    0    0  230  232  291  182
  232   33    7   19   20  562  127    0    0  231  233  292  183
  233   34    7   19   20  579  127    0    0  232  234  293  184
  234   35    7   19   20  596  127    0    0  233  235  294  185
  235   36    7   19   20  613  127    0    0  234  236  295  186
  236   37    7   19   20  630  127    0    0  235  237  296  187
  237   38    7   19   20  647  127    0    0  236  238  297  188
  238   39    7   19   20  664  127    0    0  237  239  298  189
  239   40    7   19   20  681  127    0    0  238  240  299  190
  240   41    7   19   20  698  127    0    0  239  241  300  191
  241   42    7   19   20  715  127    0    0  240  242  301  192
  242   43    7   19   20  732  127    0    0  241  243  302  193
  243   44    7   19   20  749  127    0    0  242  244  303  194
  244   45    7   19   20  766  127    0    0  243  245  304  195
  245   46    7   19   20  783  127    0    0  244  246  305  196
  246   47    7   19   20  800  127    0    0  245  247  306  197
  247   48    7   19   20  817  127    0    0  246  248  307  198
  248   49    7   19   20  834  127    0    0  247  249  308  199
  249   50    7   20   20  851  127    0    0  248  250  309  200
  250   51    7   20   20  869  127    0    0  249  251  310  201
  251   52    7   20   20  887  127    0    0  250  252  311  202
  252   53    7   20   20  905  127    0    0  251  253  312  203
  253   54    7   20   20  923  127    0    0  252  254  313  204
  254   55    7   20   20  941  127    0    0  253  255  314  205
  255   56    7   20   20  959  127    0    0  254  256  315  206
  256   57    7   20   20  977  127    0    0  255  257  316  207
  257   58    7   20   20  995  127    0    1  256  258   -1  208
  258   59    7   20   20 1013  127    0    0  257  259  317  209
  259   60    7   20   20 1031  127    0    0  258  260  318  210
  260   61    7   20   20 1049  127    0    0  259  261  319  211
  261   62    7   19   20 1067  127    1    0  260   -1  320  212
  262    0    8   19   20    1  145   -1    0   -1  263  321  213
  263    1    8   19   20   18  145    0    0  262  264  322  214
  264    2    8   19   20   35  145    0    0  263  265  323  215
  265    3    8   19   20   52  145    1    0  264   -1  324  216
  266    5    8   19   20   86  145   -1    1   -1  267   -1  218
  267    6    8   19   20  103  145    0    1  266  268   -1  219
  268    7    8   19   20  120  145    0    1  267  269   -1  220
  269    8    8   19   20  137  145    0    1  268  270   -1  221
  270    9    8   19   20  154  145    0    0  269  271  325  222
  271   10    8   19   20  171  145    0    0  270  272  326  223
  272   11    8   19   20  188  145    0    0  271  273  327  224
  273   12    8   19   20  205  145    0    0  272  274  328  225
  274   13    8   19   20  222  145    0   -1  273  275  329   -1
  275   14    8   19   20  239  145    0   -1  274  276  330   -1
  276   15    8   19   20  256  145    0   -1  275  277  331   -1
  277   16    8   19   20  273  145    0   -1  276  278  332   -1
  278   17    8   19   20  290  145    0   -1  277  279  333   -1
  279   18    8   19   20  307  145    0   -1  278  280  334   -1
  280   19    8   19   20  324  145    0   -1  279  281  335   -1
  281   20    8   19   20  341  145    0   -1  280  282  336   -1
  282   21    8   19   20  358  145    0   -1  281  283  337   -1
  283   22    8   19   20  375  145    0   -1  282  284  338   -1
  284   23    8   19   20  392  145    0   -1  283  285  339   -1
  285   24    8   19   20  409  145    1   -1  284   -1  340   -1
  286   27    8   19   20  460  145   -1    0   -1  287  343  226
  287   28    8   19   20  477  145    0    0  286  288  344  227
  288   29    8   19   20  494  145    0    0  287  289  345  228
  289   30    8   19   20  511  145    0    0  288  290  346  229
  290   31    8   19   20  528  145    0    0  289  291  347  230
  291   32    8   19   20  545  145    0    0  290  292  348  231
  292   33    8   19   20  562  145    0    0  291  293  349  232
  293   34    8   19   20  579  145    0    0  292  294  350  233
  294   35    8   19   20  596  145    0    0  293  295  351  234
  295   36    8   19   20  613  145    0    0  294  296  352  235
  296   37    8   19   20  630  145    0    0  295  297  353  236
  297   38    8   19   20  647  145    0    0  296  298  354  237
  298   39    8   19   20  664  145    0    0  297  299  355  238
  299   40    8   19   20  681  145    0    0  298  300  356  239
  300   41    8   19   20  698  145    0    0  299  301  357  240
  301   42    8   19   20  715  145    0    0  300  302  358  241
  302   43    8   19   20  732  145    0    0  301  303  359  242
  303   44    8   19   20  749  145    0    0  302  304  360  243
  304   45    8   19   20  766  145    0    0  303  305  361  244
  305   46    8   19   20  783  145    0    0  304  306  362  245
  306   47    8   19   20  800  145    0    0  305  307  363  246
  307   48    8   19   20  817  145    0    0  306  308  364  247
  308   49    8   19   20  834  145    0    0  307  309  365  248
  309   50    8   20   20  851  145    0    0  308  310  366  249
  310   51    8   20   20  869  145    0    0  309  311  367  250
  311   52    8   20   20  887  145    0    1  310  312   -1  251
  312   53    8   20   20  905  145    0    1  311  313   -1  252
  313   54    8   20   20  923  145    0    1  312  314   -1  253
  314   55    8   20   20  941  145    0    1  313  315   -1  254
  315   56    8   20   20  959  145    0    1  314  316   -1  255
  316   57    8   20   20  977  145    1    1  315   -1   -1  256
  317   59    8   20   20 1013  145   -1    1   -1  318   -1  258
  318   60    8   20   20 1031  145    0    1  317  319   -1  259
  319   61    8   20   20 1049  145    0    1  318  320   -1  260
  320   62    8   19   20 1067  145    1    1  319   -1   -1  261
  321    0    9   19   20    1  163   -1    1   -1  322   -1  262
  322    1    9   19   20   18  163    0    1  321  323   -1  263
  323    2    9   19   20   35  163    0    1  322  324   -1  264
  324    3    9   19   20   52  163    1    1  323   -1   -1  265
  325    9    9   19   20  154  163   -1    1   -1  326   -1  270
  326   10    9   19   20  171  163    0    1  325  327   -1  271
  327   11    9   19   20  188  163    0    0  326  328  368  272
  328   12    9   19   20  205  163    0    0  327  329  369  273
  329   13    9   19   20  222  163    0    0  328  330  370  274
  330   14    9   19   20  239  163    0    0  329  331  371  275
  331   15    9   19   20  256  163    0    0  330  332  372  276
  332   16    9   19   20  273  163    0    0  331  333  373  277
  333   17    9   19   20  290  163    0    0  332  334  374  278
  334   18    9   19   20  307  163    0    0  333  335  375  279
  335   19    9   19   20  324  163    0    0  334  336  376  280
  336   20    9   19   20  341  163    0    0  335  337  377  281
  337   21    9   19   20  358  163    0    0  336  338  378  282
  338   22    9   19   20  375  163    0    0  337  339  379  283
  339   23    9   19   20  392  163    0    0  338  340  380  284
  340   24    9   19   20  409  163    0    0  339  341  381  285
  341   25    9   19   20  426  163    0   -1  340  342  382   -1
  342   26    9   19   20  443  163    0   -1  341  343  383   -1
  343   27    9   19   20  460  163    0    0  342  344  384  286
  344   28    9   19   20  477  163    0    0  343  345  385  287
  345   29    9   19   20  494  163    0    0  344  346  386  288
  346   30    9   19   20  511  163    0    0  345  347  387  289
  347   31    9   19   20  528  163    0    0  346  348  388  290
  348   32    9   19   20  545  163    0    0  347  349  389  291
  349   33    9   19   20  562  163    0    0  348  350  390  292
  350   34    9   19   20  579  163    0    0  349  351  391  293
  351   35    9   19   20  596  163    0    0  350  352  392  294
  352   36    9   19   20  613  163    0    0  351  353  393  295
  353   37    9   19   20  630  163    0    0  352  354  394  296
  354   38    9   19   20  647  163    0    0  353  355  395  297
  355   39    9   19   20  664  163    0    0  354  356  396  298
  356   40    9   19   20  681  163    0    0  355  357  397  299
  357   41    9   19   20  698  163    0    0  356  358  398  300
  358   42    9   19   20  715  163    0    0  357  359  399  301
  359   43    9   19   20  732  163    0    0  358  360  400  302
  360   44    9   19   20  749  163    0    1  359  361   -1  303
  361   45    9   19   20  766  163    0    0  360  362  401  304
  362   46    9   19   20  783  163    0    0  361  363  402  305
  363   47    9   19   20  800  163    0    0  362  364  403  306
  364   48    9   19   20  817  163    0    0  363  365  404  307
  365   49    9   19   20  834  163    0    0  364  366  405  308
  366   50    9   20   20  851  163    0    0  365  367  406  309
  367   51    9   20   20  869  163    1    1  366   -1   -1  310
  368   11   10   19   20  188  181   -1    1   -1  369   -1  327
  369   12   10   19   20  205  181    0    0  368  370  407  328
  370   13   10   19   20  222  181    0    0  369  371  408  329
  371   14   10   19   20  239  181    0    0  370  372  409  330
  372   15   10   19   20  256  181    0    0  371  373  410  331
  373   16   10   19   20  273  181    0    0  372  374  411  332
  374   17   10   19   20  290  181    0    0  373  375  412  333
  375   18   10   19   20  307  181    0    0  374  376  413  334
  376   19   10   19   20  324  181    0    0  375  377  414  335
  377   20   10   19   20  341  181    0    0  376  378  415  336
  378   21   10   19   20  358  181    0    0  377  379  416  337
  379   22   10   19   20  375  181    0    0  378  380  417  338
  380   23   10   19   20  392  181    0    0  379  381  418  339
  381   24   10   19   20  409  181    0    0  380  382  419  340
  382   25   10   19   20  426  181    0    0  381  383  420  341
  383   26   10   19   20  443  181    0    0  382  384  421  342
  384   27   10   19   20  460  181    0    0  383  385  422  343
  385   28   10   19   20  477  181    0    0  384  386  423  344
  386   29   10   19   20  494  181    0    0  385  387  424  345
  387   30   10   19   20  511  181    0    0  386  388  425  346
  388   31   10   19   20  528  181    0    0  387  389  426  347
  389   32   10   19   20  545  181    0    0  388  390  427  348
  390   33   10   19   20  562  181    0    0  389  391  428  349
  391   34   10   19   20  579  181    0    0  390  392  429  350
  392   35   10   19   20  596  181    0    0  391  393  430  351
  393   36   10   19   20  613  181    0    0  392  394  431  352
  394   37   10   19   20  630  181    0    0  393  395  432  353
  395   38   10   19   20  647  181    0    0  394  396  433  354
  396   39   10   19   20  664  181    0    0  395  397  434  355
  397   40   10   19   20  681  181    0    0  396  398  435  356
  398   41   10   19   20  698  181    0    0  397  399  436  357
  399   42   10   19   20  715  181    0    0  398  400  437  358
  400   43   10   19   20  732  181    1    1  399   -1   -1  359
  401   45   10   19   20  766  181   -1    0   -1  402  439  361
  402   46   10   19   20  783  181    0    0  401  403  440  362
  403   47   10   19   20  800  181    0    0  402  404  441  363
  404   48   10   19   20  817  181    0    0  403  405  442  364
  405   49   10   19   20  834  181    0    0  404  406  443  365
  406   50   10   20   20  851  181    1    0  405   -1  444  366
  407   12   11   19   20  205  199   -1    0   -1  408  445  369
  408   13   11   19   20  222  199    0    0  407  409  446  370
  409   14   11   19   20  239  199    0    0  408  410  447  371
  410   15   11   19   20  256  199    0    0  409  411  448  372
  411   16   11   19   20  273  199    0    0  410  412  449  373
  412   17   11   19   20  290  199    0    0  411  413  450  374
  413   18   11   19   20  307  199    0    0  412  414  451  375
  414   19   11   19   20  324  199    0    0  413  415  452  376
  415   20   11   19   20  341  199    0    0  414  416  453  377
  416   21   11   19   20  358  199    0    0  415  417  454  378
  417   22   11   19   20  375  199    0    0  416  418  455  379
  418   23   11   19   20  392  199    0    0  417  419  456  380
  419   24   11   19   20  409  199    0    0  418  420  457  381
  420   25   11   19   20  426  199    0    0  419  421  458  382
  421   26   11   19   20  443  199    0    0  420  422  459  383
  422   27   11   19   20  460  199    0    0  421  423  460  384
  423   28   11   19   20  477  199    0    0  422  424  461  385
  424   29   11   19   20  494  199    0    0  423  425  462  386
  425   30   11   19   20  511  199    0    0  424  426  463  387
  426   31   11   19   20  528  199    0    0  425  427  464  388
  427   32   11   19   20  545  199    0    0  426  428  465  389
  428   33   11   19   20  562  199    0    0  427  429  466  390
  429   34   11   19   20  579  199    0    0  428  430  467  391
  430   35   11   19   20  596  199    0    0  429  431  468  392
  431   36   11   19   20  613  199    0    0  430  432  469  393
  432   37   11   19   20  630  199    0    0  431  433  470  394
  433   38   11   19   20  647  199    0    0  432  434  471  395
  434   39   11   19   20  664  199    0    0  433  435  472  396
  435   40   11   19   20  681  199    0    0  434  436  473  397
  436   41   11   19   20  698  199    0    0  435  437  474  398
  437   42   11   19   20  715  199    1    1  436   -1   -1  399
  438   44   11   19   20  749  199   -1   -1   -1  439  475   -1
  439   45   11   19   20  766  199    0    0  438  440  476  401
  440   46   11   19   20  783  199    0    0  439  441  477  402
  441   47   11   19   20  800  199    0    0  440  442  478  403
  442   48   11   19   20  817  199    0    0  441  443  479  404
  443   49   11   19   20  834  199    0    0  442  444  480  405
  444   50   11   20   20  851  199    1    0  443   -1  481  406
  445   12   12   19   20  205  217   -1    0   -1  446  482  407
  446   13   12   19   20  222  217    0    0  445  447  483  408
  447   14   12   19   20  239  217    0    0  446  448  484  409
  448   15   12   19   20  256  217    0    0  447  449  485  410
  449   16   12   19   20  273  217    0    0  448  450  486  411
  450   17   12   19   20  290  217    0    0  449  451  487  412
  451   18   12   19   20  307  217    0    0  450  452  488  413
  452   19   12   19   20  324  217    0    0  451  453  489  414
  453   20   12   19   20  341  217    0    0  452  454  490  415
  454   21   12   19   20  358  217    0    0  453  455  491  416
  455   22   12   19   20  375  217    0    0  454  456  492  417
  456   23   12   19   20  392  217    0    0  455  457  493  418
  457   24   12   19   20  409  217    0    0  456  458  494  419
  458   25   12   19   20  426  217    0    1  457  459   -1  420
  459   26   12   19   20  443  217    0    0  458  460  495  421
  460   27   12   19   20  460  217    0    0  459  461  496  422
  461   28   12   19   20  477  217    0    0  460  462  497  423
  462   29   12   19   20  494  217    0    0  461  463  498  424
  463   30   12   19   20  511  217    0    0  462  464  499  425
  464   31   12   19   20  528  217    0    0  463  465  500  426
  465   32   12   19   20  545  217    0    0  464  466  501  427
  466   33   12   19   20  562  217    0    0  465  467  502  428
  467   34   12   19   20  579  217    0    0  466  468  503  429
  468   35   12   19   20  596  217    0    0  467  469  504  430
  469   36   12   19   20  613  217    0    0  468  470  505  431
  470   37   12   19   20  630  217    0    0  469  471  506  432
  471   38   12   19   20  647  217    0    0  470  472  507  433
  472   39   12   19   20  664  217    0    0  471  473  508  434
  473   40   12   19   20  681  217    0    0  472  474  509  435
  474   41   12   19   20  698  217    1    1  473   -1   -1  436
  475   44   12   19   20  749  217   -1    0   -1  476  510  438
  476   45   12   19   20  766  217    0    0  475  477  511  439
  477   46   12   19   20  783  217    0    0  476  478  512  440
  478   47   12   19   20  800  217    0    0  477  479  513  441
  479   48   12   19   20  817  217    0    0  478  480  514  442
  480   49   12   19   20  834  217    0    0  479  481  515  443
  481   50   12   20   20  851  217    1    0  480   -1  516  444
  482   12   13   19   20  205  235   -1    1   -1  483   -1  445
  483   13   13   19   20  222  235    0    0  482  484  517  446
  484   14   13   19   20  239  235    0    0  483  485  518  447
  485   15   13   19   20  256  235    0    0  484  486  519  448
  486   16   13   19   20  273  235    0    0  485  487  520  449
  487   17   13   19   20  290  235    0    0  486  488  521  450
  488   18   13   19   20  307  235    0    0  487  489  522  451
  489   19   13   19   20  324  235    0    0  488  490  523  452
  490   20   13   19   20  341  235    0    0  489  491  524  453
  491   21   13   19   20  358  235    0    0  490  492  525  454
  492   22   13   19   20  375  235    0    0  491  493  526  455
  493   23   13   19   20  392  235    0    0  492  494  527  456
  494   24   13   19   20  409  235    1    0  493   -1  528  457
  495   26   13   19   20  443  235   -1    0   -1  496  530  459
  496   27   13   19   20  460  235    0    0  495  497  531  460
  497   28   13   19   20  477  235    0    0  496  498  532  461
  498   29   13   19   20  494  235    0    0  497  499  533  462
  499   30   13   19   20  511  235    0    0  498  500  534  463
  500   31   13   19   20  528  235    0    0  499  501  535  464
  501   32   13   19   20  545  235    0    0  500  502  536  465
  502   33   13   19   20  562  235    0    1  501  503   -1  466
  503   34   13   19   20  579  235    0    1  502  504   -1  467
  504   35   13   19   20  596  235    0    0  503  505  537  468
  505   36   13   19   20  613  235    0    0  504  506  538  469
  506   37   13   19   20  630  235    0    0  505  507  539  470
  507   38   13   19   20  647  235    0    0  506  508  540  471
  508   39   13   19   20  664  235    0    0  507  509  541  472
  509   40   13   19   20  681  235    1    0  508   -1  542  473
  510   44   13   19   20  749  235   -1    1   -1  511   -1  475
  511   45   13   19   20  766  235    0    1  510  512   -1  476
  512   46   13   19   20  783  235    0    0  511  513  543  477
  513   47   13   19   20  800  235    0    0  512  514  544  478
  514   48   13   19   20  817  235    0    0  513  515  545  479
  515   49   13   19   20  834  235    0    0  514  516  546  480
  516   50   13   20   20  851  235    1    1  515   -1   -1  481
  517   13   14   19   20  222  253   -1    1   -1  518   -1  483
  518   14   14   19   20  239  253    0    1  517  519   -1  484
  519   15   14   19   20  256  253    0    0  518  520  547  485
  520   16   14   19   20  273  253    0    0  519  521  548  486
  521   17   14   19   20  290  253    0    0  520  522  549  487
  522   18   14   19   20  307  253    0    0  521  523  550  488
  523   19   14   19   20  324  253    0    0  522  524  551  489
  524   20   14   19   20  341  253    0    0  523  525  552  490
  525   21   14   19   20  358  253    0    0  524  526  553  491
  526   22   14   19   20  375  253    0    0  525  527  554  492
  527   23   14   19   20  392  253    0    0  526  528  555  493
  528   24   14   19   20  409  253    0    0  527  529  556  494
  529   25   14   19   20  426  253    0   -1  528  530  557   -1
  530   26   14   19   20  443  253    0    0  529  531  558  495
  531   27   14   19   20  460  253    0    0  530  532  559  496
  532   28   14   19   20  477  253    0    0  531  533  560  497
  533   29   14   19   20  494  253    0    0  532  534  561  498
  534   30   14   19   20  511  253    0    0  533  535  562  499
  535   31   14   19   20  528  253    0    1  534  536   -1  500
  536   32   14   19   20  545  253    1    1  535   -1   -1  501
  537   35   14   19   20  596  253   -1    0   -1  538  565  504
  538   36   14   19   20  613  253    0    0  537  539  566  505
  539   37   14   19   20  630  253    0    0  538  540  567  506
  540   38   14   19   20  647  253    0    0  539  541  568  507
  541   39   14   19   20  664  253    0    0  540  542  569  508
  542   40   14   19   20  681  253    1    0  541   -1  570  509
  543   46   14   19   20  783  253   -1    1   -1  544   -1  512
  544   47   14   19   20  800  253    0    1  543  545   -1  513
  545   48   14   19   20  817  253    0    1  544  546   -1  514
  546   49   14   19   20  834  253    1    1  545   -1   -1  515
  547   15   15   19   20  256  271   -1    1   -1  548   -1  519
  548   16   15   19   20  273  271    0    0  547  549  571  520
  549   17   15   19   20  290  271    0    0  548  550  572  521
  550   18   15   19   20  307  271    0    0  549  551  573  522
  551   19   15   19   20  324  271    0    0  550  552  574  523
  552   20   15   19   20  341  271    0    0  551  553  575  524
  553   21   15   19   20  358  271    0    0  552  554  576  525
  554   22   15   19   20  375  271    0    0  553  555  577  526
  555   23   15   19   20  392  271    0    0  554  556  578  527
  556   24   15   19   20  409  271    0    0  555  557  579  528
  557   25   15   19   20  426  271    0    0  556  558  580  529
  558   26   15   19   20  443  271    0    0  557  559  581  530
  559   27   15   19   20  460  271    0    0  558  560  582  531
  560   28   15   19   20  477  271    0    0  559  561  583  532
  561   29   15   19   20  494  271    0    0  560  562  584  533
  562   30   15   19   20  511  271    1    1  561   -1   -1  534
  563   33   15   19   20  562  271   -1   -1   -1  564  586   -1
  564   34   15   19   20  579  271    0   -1  563  565  587   -1
  565   35   15   19   20  596  271    0    0  564  566  588  537
  566   36   15   19   20  613  271    0    0  565  567  589  538
  567   37   15   19   20  630  271    0    0  566  568  590  539
  568   38   15   19   20  647  271    0    0  567  569  591  540
  569   39   15   19   20  664  271    0    0  568  570  592  541
  570   40   15   19   20  681  271    1    1  569   -1   -1  542
  571   16   16   19   20  273  289   -1    0   -1  572  593  548
  572   17   16   19   20  290  289    0    0  571  573  594  549
  573   18   16   19   20  307  289    0    0  572  574  595  550
  574   19   16   19   20  324  289    0    0  573  575  596  551
  575   20   16   19   20  341  289    0    0  574  576  597  552
  576   21   16   19   20  358  289    0    0  575  577  598  553
  577   22   16   19   20  375  289    0    0  576  578  599  554
  578   23   16   19   20  392  289    0    0  577  579  600  555
  579   24   16   19   20  409  289    0    0  578  580  601  556
  580   25   16   19   20  426  289    0    0  579  581  602  557
  581   26   16   19   20  443  289    0    0  580  582  603  558
  582   27   16   19   20  460  289    0    0  581  583  604  559
  583   28   16   19   20  477  289    0    1  582  584   -1  560
  584   29   16   19   20  494  289    1    1  583   -1   -1  561
  585   32   16   19   20  545  289   -1   -1   -1  586  606   -1
  586   33   16   19   20  562  289    0    0  585  587  607  563
  587   34   16   19   20  579  289    0    0  586  588  608  564
  588   35   16   19   20  596  289    0    0  587  589  609  565
  589   36   16   19   20  613  289    0    0  588  590  610  566
  590   37   16   19   20  630  289    0    0  589  591  611  567
  591   38   16   19   20  647  289    0    1  590  592   -1  568
  592   39   16   19   20  664  289    1    1  591   -1   -1  569
  593   16   17   19   20  273  307   -1    1   -1  594   -1  571
  594   17   17   19   20  290  307    0    1  593  595   -1  572
  595   18   17   19   20  307  307    0    1  594  596   -1  573
  596   19   17   19   20  324  307    0    1  595  597   -1  574
  597   20   17   19   20  341  307    0    1  596  598   -1  575
  598   21   17   19   20  358  307    0    1  597  599   -1  576
  599   22   17   19   20  375  307    0    0  598  600  612  577
  600   23   17   19   20  392  307    0    0  599  601  613  578
  601   24   17   19   20  409  307    0    0  600  602  614  579
  602   25   17   19   20  426  307    0    0  601  603  615  580
  603   26   17   19   20  443  307    0    0  602  604  616  581
  604   27   17   19   20  460  307    1    0  603   -1  617  582
  605   31   17   19   20  528  307   -1   -1   -1  606  620   -1
  606   32   17   19   20  545  307    0    0  605  607  621  585
  607   33   17   19   20  562  307    0    0  606  608  622  586
  608   34   17   19   20  579  307    0    0  607  609  623  587
  609   35   17   19   20  596  307    0    1  608  610   -1  588
  610   36   17   19   20  613  307    0    1  609  611   -1  589
  611   37   17   19   20  630  307    1    1  610   -1   -1  590
  612   22   18   19   20  375  325   -1    1   -1  613   -1  599
  613   23   18   19   20  392  325    0    1  612  614   -1  600
  614   24   18   19   20  409  325    0    1  613  615   -1  601
  615   25   18   19   20  426  325    0    1  614  616   -1  602
  616   26   18   19   20  443  325    0    1  615  617   -1  603
  617   27   18   19   20  460  325    1    1  616   -1   -1  604
  618   29   18   19   20  494  325   -1   -1   -1  619  624   -1
  619   30   18   19   20  511  325    0   -1  618  620  625   -1
  620   31   18   19   20  528  325    0    0  619  621  626  605
  621   32   18   19   20  545  325    0    0  620  622  627  606
  622   33   18   19   20  562  325    0    0  621  623  628  607
  623   34   18   19   20  579  325    1    1  622   -1   -1  608
  624   29   19   19   20  494  343   -1    0   -1  625  629  618
  625   30   19   19   20  511  343    0    0  624  626  630  619
  626   31   19   19   20  528  343    0    0  625  627  631  620
  627   32   19   19   20  545  343    0    0  626  628  632  621
  628   33   19   19   20  562  343    1    0  627   -1  633  622
  629   29   20   19   20  494  361   -1    1   -1  630   -1  624
  630   30   20   19   20  511  361    0    1  629  631   -1  625
  631   31   20   19   20  528  361    0    1  630  632   -1  626
  632   32   20   19   20  545  361    0    1  631  633   -1  627
  633   33   20   19   20  562  361    1    1  632   -1   -1  628
