    0   18    0   34   31  573    1   -1   -1   -1    1   11   -1
    1   19    0   34   31  605    1    0   -1    0    2   12   -1
    2   20    0   34   31  637    1    0   -1    1    3   13   -1
    3   21    0   34   31  669    1    1   -1    2   -1   14   -1
    4   27    0   34   31  861    1   -1   -1   -1    5   19   -1
    5   28    0   34   31  893    1    0   -1    4    6   20   -1
    6   29    0   34   31  925    1    0   -1    5    7   21   -1
    7   30    0   34   31  957    1    0   -1    6    8   22   -1
    8   31    0   34   31  989    1    0   -1    7    9   23   -1
    9   32    0   34   31 1021    1    1   -1    8   -1   24   -1
   10   17    1   34   31  541   30   -1   -1   -1   11   30   -1
   11   18    1   34   31  573   30    0    0   10   12   31    0
   12   19    1   34   31  605   30    0    0   11   13   32    1
   13   20    1   34   31  637   30    0    0   12   14   33    2
   14   21    1   34   31  669   30    0    0   13   15   34    3
   15   22    1   34   31  701   30    1   -1   14   -1   35   -1
   16   24    1   34   31  765   30   -1   -1   -1   17   37   -1
   17   25    1   34   31  797   30    0   -1   16   18   38   -1
   18   26    1   34   31  829   30    0   -1   17   19   39   -1
   19   27    1   34   31  861   30    0    0   18   20   40    4
   20   28    1   34   31  893   30    0    0   19   21   41    5
   21   29    1   34   31  925   30    0    0   20   22   42    6
   22   30    1   34   31  957   30    0    0   21   23   43    7
   23   31    1   34   31  989   30    0    0   22   24   44    8
   24   32    1   34   31 1021   30    1    0   23   -1   45    9
   25    0    2   33   31    1   59   -1   -1   -1   26   47   -1
   26    1    2   33   31   32   59    1   -1   25   -1   48   -1
   27   14    2   34   31  445   59   -1   -1   -1   28   50   -1
   28   15    2   34   31  477   59    0   -1   27   29   51   -1
   29   16    2   34   31  509   59    0   -1   28   30   52   -1
   30   17    2   34   31  541   59    0    0   29   31   53   10
   31   18    2   34   31  573   59    0    0   30   32   54   11
   32   19    2   34   31  605   59    0    0   31   33   55   12
   33   20    2   34   31  637   59    0    0   32   34   56   13
   34   21    2   34   31  669   59    0    0   33   35   57   14
   35   22    2   34   31  701   59    0    0   34   36   58   15
   36   23    2   34   31  733   59    0   -1   35   37   59   -1
   37   24    2   34   31  765   59    0    0   36   38   60   16
   38   25    2   34   31  797   59    0    0   37   39   61   17
   39   26    2   34   31  829   59    0    0   38   40   62   18
   40   27    2   34   31  861   59    0    0   39   41   63   19
   41   28    2   34   31  893   59    0    0   40   42   64   20
   42   29    2   34   31  925   59    0    0   41   43   65   21
   43   30    2   34   31  957   59    0    0   42   44   66   22
   44   31    2   34   31  989   59    0    0   43   45   67   23
   45   32    2   34   31 1021   59    0    0   44   46   68   24
   46   33    2   33   31 1053   59    1   -1   45   -1   69   -1
   47    0    3   33   31    1   88   -1    0   -1   48   70   25
   48    1    3   33   31   32   88    0    0   47   49   71   26
   49    2    3   33   31   63   88    1   -1   48   -1   72   -1
   50   14    3   34   31  445   88   -1    0   -1   51   78   27
   51   15    3   34   31  477   88    0    0   50   52   79   28
   52   16    3   34   31  509   88    0    0   51   53   80   29
   53   17    3   34   31  541   88    0    0   52   54   81   30
   54   18    3   34   31  573   88    0    0   53   55   82   31
   55   19    3   34   31  605   88    0    0   54   56   83   32
   56   20    3   34   31  637   88    0    0   55   57   84   33
   57   21    3   34   31  669   88    0    0   56   58   85   34
   58   22    3   34   31  701   88    0    0   57   59   86   35
   59   23    3   34   31  733   88    0    0   58   60   87   36
   60   24    3   34   31  765   88    0    0   59   61   88   37
   61   25    3   34   31  797   88    0    0   60   62   89   38
   62   26    3   34   31  829   88    0    0   61   63   90   39
   63   27    3   34   31  861   88    0    0   62   64   91   40
   64   28    3   34   31  893   88    0    0   63   65   92   41
   65   29    3   34   31  925   88    0    0   64   66   93   42
   66   30    3   34   31  957   88    0    0   65   67   94   43
   67   31    3   34   31  989   88    0    0   66   68   95   44
   68   32    3   34   31 1021   88    0    0   67   69   96   45
   69   33    3   33   31 1053   88    1    0   68   -1   97   46
   70    0    4   33   31    1  117   -1    0   -1   71   98   47
   71    1    4   33   31   32  117    0    0   70   72   99   48
   72    2    4   33   31   63  117    0    0   71   73  100   49
   73    3    4   33   31   94  117    0   -1   72   74  101   -1
   74    4    4   34   31  125  117    0   -1   73   75  102   -1
   75    5    4   34   31  157  117    0   -1   74   76  103   -1
   76    6    4   34   31  189  117    0   -1   75   77  104   -1
   77    7    4   34   31  221  117    1   -1   76   -1  105   -1
   78   14    4   34   31  445  117   -1    0   -1   79  112   50
   79   15    4   34   31  477  117    0    0   78   80  113   51
   80   16    4   34   31  509  117    0    0   79   81  114   52
   81   17    4   34   31  541  117    0    0   80   82  115   53
   82   18    4   34   31  573  117    0    0   81   83  116   54
   83   19    4   34   31  605  117    0    0   82   84  117   55
   84   20    4   34   31  637  117    0    0   83   85  118   56
   85   21    4   34   31  669  117    0    0   84   86  119   57
   86   22    4   34   31  701  117    0    0   85   87  120   58
   87   23    4   34   31  733  117    0    0   86   88  121   59
   88   24    4   34   31  765  117    0    0   87   89  122   60
   89   25    4   34   31  797  117    0    0   88   90  123   61
   90   26    4   34   31  829  117    0    0   89   91  124   62
   91   27    4   34   31  861  117    0    0   90   92  125   63
   92   28    4   34   31  893  117    0    0   91   93  126   64
   93   29    4   34   31  925  117    0    0   92   94  127   65
   94   30    4   34   31  957  117    0    0   93   95  128   66
   95   31    4   34   31  989  117    0    0   94   96  129   67
   96   32    4   34   31 1021  117    0    0   95   97  130   68
   97   33    4   33   31 1053  117    1    0   96   -1  131   69
   98    0    5   33   31    1  146   -1    1   -1   99   -1   70
   99    1    5   33   31   32  146    0    1   98  100   -1   71
  100    2    5   33   31   63  146    0    1   99  101   -1   72
  101    3    5   33   31   94  146    0    1  100  102   -1   73
  102    4    5   34   31  125  146    0    1  101  103   -1   74
  103    5    5   34   31  157  146    0    0  102  104  132   75
  104    6    5   34   31  189  146    0    0  103  105  133   76
  105    7    5   34   31  221  146    0    0  104  106  134   77
  106    8    5   34   31  253  146    0   -1  105  107  135   -1
  107    9    5   34   31  285  146    0   -1  106  108  136   -1
  108   10    5   34   31  317  146    0   -1  107  109  137   -1
  109   11    5   34   31  349  146    0   -1  108  110  138   -1
  110   12    5   34   31  381  146    0   -1  109  111  139   -1
  111   13    5   34   31  413  146    0   -1  110  112  140   -1
  112   14    5   34   31  445  146    0    0  111  113  141   78
  113   15    5   34   31  477  146    0    0  112  114  142   79
  114   16    5   34   31  509  146    0    0  113  115  143   80
  115   17    5   34   31  541  146    0    0  114  116  144   81
  116   18    5   34   31  573  146    0    0  115  117  145   82
  117   19    5   34   31  605  146    0    0  116  118  146   83
  118   20    5   34   31  637  146    0    0  117  119  147   84
  119   21    5   34   31  669  146    0    0  118  120  148   85
  120   22    5   34   31  701  146    0    0  119  121  149   86
  121   23    5   34   31  733  146    0    0  120  122  150   87
  122   24    5   34   31  765  146    0    0  121  123  151   88
  123   25    5   34   31  797  146    0    0  122  124  152   89
  124   26    5   34   31  829  146    0    0  123  125  153   90
  125   27    5   34   31  861  146    0    0  124  126  154   91
  126   28    5   34   31  893  146    0    1  125  127   -1   92
  127   29    5   34   31  925  146    0    1  126  128   -1   93
  128   30    5   34   31  957  146    0    1  127  129   -1   94
  129   31    5   34   31  989  146    0    1  128  130   -1   95
  130   32    5   34   31 1021  146    0    1  129  131   -1   96
  131   33    5   33   31 1053  146    1    1  130   -1   -1   97
  132    5    6   34   31  157  175   -1    1   -1  133   -1  103
  133    6    6   34   31  189  175    0    0  132  134  155  104
  134    7    6   34   31  221  175    0    0  133  135  156  105
  135    8    6   34   31  253  175    0    0  134  136  157  106
  136    9    6   34   31  285  175    0    0  135  137  158  107
  137   10    6   34   31  317  175    0    0  136  138  159  108
  138   11    6   34   31  349  175    0    0  137  139  160  109
  139   12    6   34   31  381  175    0    0  138  140  161  110
  140   13    6   34   31  413  175    0    0  139  141  162  111
  141   14    6   34   31  445  175    0    0  140  142  163  112
  142   15    6   34   31  477  175    0    0  141  143  164  113
  143   16    6   34   31  509  175    0    0  142  144  165  114
  144   17    6   34   31  541  175    0    0  143  145  166  115
  145   18    6   34   31  573  175    0    0  144  146  167  116
  146   19    6   34   31  605  175    0    0  145  147  168  117
  147   20    6   34   31  637  175    0    0  146  148  169  118
  148   21    6   34   31  669  175    0    0  147  149  170  119
  149   22    6   34   31  701  175    0    0  148  150  171  120
  150   23    6   34   31  733  175    0    0  149  151  172  121
  151   24    6   34   31  765  175    0    0  150  152  173  122
  152   25    6   34   31  797  175    0    0  151  153  174  123
  153   26    6   34   31  829  175    0    0  152  154  175  124
  154   27    6   34   31  861  175    1    1  153   -1   -1  125
  155    6    7   34   31  189  204   -1    0   -1  156  176  133
  156    7    7   34   31  221  204    0    0  155  157  177  134
  157    8    7   34   31  253  204    0    0  156  158  178  135
  158    9    7   34   31  285  204    0    0  157  159  179  136
  159   10    7   34   31  317  204    0    0  158  160  180  137
  160   11    7   34   31  349  204    0    0  159  161  181  138
  161   12    7   34   31  381  204    0    0  160  162  182  139
  162   13    7   34   31  413  204    0    0  161  163  183  140
  163   14    7   34   31  445  204    0    0  162  164  184  141
  164   15    7   34   31  477  204    0    0  163  165  185  142
  165   16    7   34   31  509  204    0    0  164  166  186  143
  166   17    7   34   31  541  204    0    0  165  167  187  144
  167   18    7   34   31  573  204    0    0  166  168  188  145
  168   19    7   34   31  605  204    0    0  167  169  189  146
  169   20    7   34   31  637  204    0    0  168  170  190  147
  170   21    7   34   31  669  204    0    0  169  171  191  148
  171   22    7   34   31  701  204    0    1  170  172   -1  149
  172   23    7   34   31  733  204    0    0  171  173  192  150
  173   24    7   34   31  765  204    0    0  172  174  193  151
  174   25    7   34   31  797  204    0    0  173  175  194  152
  175   26    7   34   31  829  204    1    0  174   -1  195  153
  176    6    8   34   31  189  233   -1    1   -1  177   -1  155
  177    7    8   34   31  221  233    0    0  176  178  196  156
  178    8    8   34   31  253  233    0    0  177  179  197  157
  179    9    8   34   31  285  233    0    0  178  180  198  158
  180   10    8   34   31  317  233    0    0  179  181  199  159
  181   11    8   34   31  349  233    0    0  180  182  200  160
  182   12    8   34   31  381  233    0    0  181  183  201  161
  183   13    8   34   31  413  233    0    0  182  184  202  162
  184   14    8   34   31  445  233    0    0  183  185  203  163
  185   15    8   34   31  477  233    0    0  184  186  204  164
  186   16    8   34   31  509  233    0    0  185  187  205  165
  187   17    8   34   31  541  233    0    0  186  188  206  166
  188   18    8   34   31  573  233    0    0  187  189  207  167
  189   19    8   34   31  605  233    0    0  188  190  208  168
  190   20    8   34   31  637  233    0    0  189  191  209  169
  191   21    8   34   31  669  233    1    0  190   -1  210  170
  192   23    8   34   31  733  233   -1    1   -1  193   -1  172
  193   24    8   34   31  765  233    0    1  192  194   -1  173
  194   25    8   34   31  797  233    0    1  193  195   -1  174
  195   26    8   34   31  829  233    1    1  194   -1   -1  175
  196    7    9   34   31  221  262   -1    1   -1  197   -1  177
  197    8    9   34   31  253  262    0    1  196  198   -1  178
  198    9    9   34   31  285  262    0    0  197  199  211  179
  199   10    9   34   31  317  262    0    0  198  200  212  180
  200   11    9   34   31  349  262    0    0  199  201  213  181
  201   12    9   34   31  381  262    0    0  200  202  214  182
  202   13    9   34   31  413  262    0    0  201  203  215  183
  203   14    9   34   31  445  262    0    0  202  204  216  184
  204   15    9   34   31  477  262    0    0  203  205  217  185
  205   16    9   34   31  509  262    0    1  204  206   -1  186
  206   17    9   34   31  541  262    0    0  205  207  218  187
  207   18    9   34   31  573  262    0    0  206  208  219  188
  208   19    9   34   31  605  262    0    0  207  209  220  189
  209   20    9   34   31  637  262    0    0  208  210  221  190
  210   21    9   34   31  669  262    1    1  209   -1   -1  191
  211    9   10   34   31  285  291   -1    0   -1  212  222  198
  212   10   10   34   31  317  291    0    1  211  213   -1  199
  213   11   10   34   31  349  291    0    0  212  214  223  200
  214   12   10   34   31  381  291    0    0  213  215  224  201
  215   13   10   34   31  413  291    0    0  214  216  225  202
  216   14   10   34   31  445  291    0    0  215  217  226  203
  217   15   10   34   31  477  291    1    0  216   -1  227  204
  218   17   10   34   31  541  291   -1    0   -1  219  229  206
  219   18   10   34   31  573  291    0    0  218  220  230  207
  220   19   10   34   31  605  291    0    0  219  221  231  208
  221   20   10   34   31  637  291    1    1  220   -1   -1  209
  222    9   11   34   32  285  320    2    1   -1   -1   -1  211
  223   11   11   34   32  349  320   -1    1   -1  224   -1  213
  224   12   11   34   32  381  320    0    1  223  225   -1  214
  225   13   11   34   32  413  320    0    1  224  226   -1  215
  226   14   11   34   32  445  320    0    1  225  227   -1  216
  227   15   11   34   32  477  320    0    0  226  228  232  217
  228   16   11   34   32  509  320    0   -1  227  229  233   -1
  229   17   11   34   32  541  320    0    0  228  230  234  218
  230   18   11   34   32  573  320    0    1  229  231   -1  219
  231   19   11   34   32  605  320    1    1  230   -1   -1  220
  232   15   12   34   31  477  350   -1    1   -1  233   -1  227
  233   16   12   34   31  509  350    0    1  232  234   -1  228
  234   17   12   34   31  541  350    1    1  233   -1   -1  229
