    0   18    0   34   44  573    1   -1   -1   -1    1   18   -1
    1   19    0   34   44  605    1    0   -1    0    2   19   -1
    2   20    0   34   44  637    1    0   -1    1    3   20   -1
    3   21    0   34   44  669    1    1   -1    2   -1   21   -1
    4   25    0   34   44  797    1   -1   -1   -1    5   25   -1
    5   26    0   34   44  829    1    0   -1    4    6   26   -1
    6   27    0   34   44  861    1    0   -1    5    7   27   -1
    7   28    0   34   44  893    1    0   -1    6    8   28   -1
    8   29    0   34   44  925    1    0   -1    7    9   29   -1
    9   30    0   34   44  957    1    0   -1    8   10   30   -1
   10   31    0   34   44  989    1    0   -1    9   11   31   -1
   11   32    0   34   44 1021    1    1   -1   10   -1   32   -1
   12    0    1   33   44    1   43   -1   -1   -1   13   34   -1
   13    1    1   33   44   32   43    1   -1   12   -1   35   -1
   14   14    1   34   44  445   43   -1   -1   -1   15   40   -1
   15   15    1   34   44  477   43    0   -1   14   16   41   -1
   16   16    1   34   44  509   43    0   -1   15   17   42   -1
   17   17    1   34   44  541   43    0   -1   16   18   43   -1
   18   18    1   34   44  573   43    0    0   17   19   44    0
   19   19    1   34   44  605   43    0    0   18   20   45    1
   20   20    1   34   44  637   43    0    0   19   21   46    2
   21   21    1   34   44  669   43    0    0   20   22   47    3
   22   22    1   34   44  701   43    0   -1   21   23   48   -1
   23   23    1   34   44  733   43    0   -1   22   24   49   -1
   24   24    1   34   44  765   43    0   -1   23   25   50   -1
   25   25    1   34   44  797   43    0    0   24   26   51    4
   26   26    1   34   44  829   43    0    0   25   27   52    5
   27   27    1   34   44  861   43    0    0   26   28   53    6
   28   28    1   34   44  893   43    0    0   27   29   54    7
   29   29    1   34   44  925   43    0    0   28   30   55    8
   30   30    1   34   44  957   43    0    0   29   31   56    9
   31   31    1   34   44  989   43    0    0   30   32   57   10
   32   32    1   34   44 1021   43    0    0   31   33   58   11
   33   33    1   33   44 1053   43    1   -1   32   -1   59   -1
   34    0    2   33   44    1   85   -1    0   -1   35   60   12
   35    1    2   33   44   32   85    0    0   34   36   61   13
   36    2    2   33   44   63   85    0   -1   35   37   62   -1
   37    3    2   33   44   94   85    0   -1   36   38   63   -1
   38    4    2   34   44  125   85    0   -1   37   39   64   -1
   39    5    2   34   44  157   85    1   -1   38   -1   65   -1
   40   14    2   34   44  445   85   -1    0   -1   41   74   14
   41   15    2   34   44  477   85    0    0   40   42   75   15
   42   16    2   34   44  509   85    0    0   41   43   76   16
   43   17    2   34   44  541   85    0    0   42   44   77   17
   44   18    2   34   44  573   85    0    0   43   45   78   18
   45   19    2   34   44  605   85    0    0   44   46   79   19
   46   20    2   34   44  637   85    0    0   45   47   80   20
   47   21    2   34   44  669   85    0    0   46   48   81   21
   48   22    2   34   44  701   85    0    0   47   49   82   22
   49   23    2   34   44  733   85    0    0   48   50   83   23
   50   24    2   34   44  765   85    0    0   49   51   84   24
   51   25    2   34   44  797   85    0    0   50   52   85   25
   52   26    2   34   44  829   85    0    0   51   53   86   26
   53   27    2   34   44  861   85    0    0   52   54   87   27
   54   28    2   34   44  893   85    0    0   53   55   88   28
   55   29    2   34   44  925   85    0    0   54   56   89   29
   56   30    2   34   44  957   85    0    0   55   57   90   30
   57   31    2   34   44  989   85    0    0   56   58   91   31
   58   32    2   34   44 1021   85    0    0   57   59   92   32
   59   33    2   33   44 1053   85    1    0   58   -1   93   33
   60    0    3   33   44    1  127   -1    1   -1   61   -1   34
   61    1    3   33   44   32  127    0    0   60   62   94   35
   62    2    3   33   44   63  127    0    1   61   63   -1   36
   63    3    3   33   44   94  127    0    1   62   64   -1   37
   64    4    3   34   44  125  127    0    1   63   65   -1   38
   65    5    3   34   44  157  127    0    0   64   66   95   39
   66    6    3   34   44  189  127    0   -1   65   67   96   -1
   67    7    3   34   44  221  127    0   -1   66   68   97   -1
   68    8    3   34   44  253  127    0   -1   67   69   98   -1
   69    9    3   34   44  285  127    0   -1   68   70   99   -1
   70   10    3   34   44  317  127    0   -1   69   71  100   -1
   71   11    3   34   44  349  127    0   -1   70   72  101   -1
   72   12    3   34   44  381  127    0   -1   71   73  102   -1
   73   13    3   34   44  413  127    0   -1   72   74  103   -1
   74   14    3   34   44  445  127    0    0   73   75  104   40
   75   15    3   34   44  477  127    0    0   74   76  105   41
   76   16    3   34   44  509  127    0    0   75   77  106   42
   77   17    3   34   44  541  127    0    0   76   78  107   43
   78   18    3   34   44  573  127    0    0   77   79  108   44
   79   19    3   34   44  605  127    0    0   78   80  109   45
   80   20    3   34   44  637  127    0    0   79   81  110   46
   81   21    3   34   44  669  127    0    0   80   82  111   47
   82   22    3   34   44  701  127    0    0   81   83  112   48
   83   23    3   34   44  733  127    0    0   82   84  113   49
   84   24    3   34   44  765  127    0    0   83   85  114   50
   85   25    3   34   44  797  127    0    0   84   86  115   51
   86   26    3   34   44  829  127    0    0   85   87  116   52
   87   27    3   34   44  861  127    0    0   86   88  117   53
   88   28    3   34   44  893  127    0    1   87   89   -1   54
   89   29    3   34   44  925  127    0    1   88   90   -1   55
   90   30    3   34   44  957  127    0    1   89   91   -1   56
   91   31    3   34   44  989  127    0    1   90   92   -1   57
   92   32    3   34   44 1021  127    0    1   91   93   -1   58
   93   33    3   33   44 1053  127    1    1   92   -1   -1   59
   94    1    4   33   44   32  169    2    1   -1   -1   -1   61
   95    5    4   34   44  157  169   -1    1   -1   96   -1   65
   96    6    4   34   44  189  169    0    0   95   97  118   66
   97    7    4   34   44  221  169    0    0   96   98  119   67
   98    8    4   34   44  253  169    0    0   97   99  120   68
   99    9    4   34   44  285  169    0    0   98  100  121   69
  100   10    4   34   44  317  169    0    0   99  101  122   70
  101   11    4   34   44  349  169    0    0  100  102  123   71
  102   12    4   34   44  381  169    0    0  101  103  124   72
  103   13    4   34   44  413  169    0    0  102  104  125   73
  104   14    4   34   44  445  169    0    0  103  105  126   74
  105   15    4   34   44  477  169    0    0  104  106  127   75
  106   16    4   34   44  509  169    0    0  105  107  128   76
  107   17    4   34   44  541  169    0    0  106  108  129   77
  108   18    4   34   44  573  169    0    0  107  109  130   78
  109   19    4   34   44  605  169    0    0  108  110  131   79
  110   20    4   34   44  637  169    0    0  109  111  132   80
  111   21    4   34   44  669  169    0    0  110  112  133   81
  112   22    4   34   44  701  169    0    0  111  113  134   82
  113   23    4   34   44  733  169    0    0  112  114  135   83
  114   24    4   34   44  765  169    0    0  113  115  136   84
  115   25    4   34   44  797  169    0    0  114  116  137   85
  116   26    4   34   44  829  169    0    0  115  117  138   86
  117   27    4   34   44  861  169    1    1  116   -1   -1   87
  118    6    5   34   44  189  211   -1    1   -1  119   -1   96
  119    7    5   34   44  221  211    0    0  118  120  139   97
  120    8    5   34   44  253  211    0    0  119  121  140   98
  121    9    5   34   44  285  211    0    0  120  122  141   99
  122   10    5   34   44  317  211    0    0  121  123  142  100
  123   11    5   34   44  349  211    0    0  122  124  143  101
  124   12    5   34   44  381  211    0    0  123  125  144  102
  125   13    5   34   44  413  211    0    0  124  126  145  103
  126   14    5   34   44  445  211    0    0  125  127  146  104
  127   15    5   34   44  477  211    0    0  126  128  147  105
  128   16    5   34   44  509  211    0    0  127  129  148  106
  129   17    5   34   44  541  211    0    0  128  130  149  107
  130   18    5   34   44  573  211    0    0  129  131  150  108
  131   19    5   34   44  605  211    0    0  130  132  151  109
  132   20    5   34   44  637  211    0    0  131  133  152  110
  133   21    5   34   44  669  211    0    0  132  134  153  111
  134   22    5   34   44  701  211    0    1  133  135   -1  112
  135   23    5   34   44  733  211    0    1  134  136   -1  113
  136   24    5   34   44  765  211    0    0  135  137  154  114
  137   25    5   34   44  797  211    0    0  136  138  155  115
  138   26    5   34   44  829  211    1    0  137   -1  156  116
  139    7    6   34   44  221  253   -1    1   -1  140   -1  119
  140    8    6   34   44  253  253    0    1  139  141   -1  120
  141    9    6   34   44  285  253    0    0  140  142  157  121
  142   10    6   34   44  317  253    0    0  141  143  158  122
  143   11    6   34   44  349  253    0    0  142  144  159  123
  144   12    6   34   44  381  253    0    0  143  145  160  124
  145   13    6   34   44  413  253    0    0  144  146  161  125
  146   14    6   34   44  445  253    0    0  145  147  162  126
  147   15    6   34   44  477  253    0    0  146  148  163  127
  148   16    6   34   44  509  253    0    0  147  149  164  128
  149   17    6   34   44  541  253    0    0  148  150  165  129
  150   18    6   34   44  573  253    0    0  149  151  166  130
  151   19    6   34   44  605  253    0    0  150  152  167  131
  152   20    6   34   44  637  253    0    0  151  153  168  132
  153   21    6   34   44  669  253    1    1  152   -1   -1  133
  154   24    6   34   44  765  253   -1    1   -1  155   -1  136
  155   25    6   34   44  797  253    0    1  154  156   -1  137
  156   26    6   34   44  829  253    1    1  155   -1   -1  138
  157    9    7   34   44  285  295   -1    1   -1  158   -1  141
  158   10    7   34   44  317  295    0    1  157  159   -1  142
  159   11    7   34   44  349  295    0    1  158  160   -1  143
  160   12    7   34   44  381  295    0    1  159  161   -1  144
  161   13    7   34   44  413  295    0    0  160  162  169  145
  162   14    7   34   44  445  295    0    1  161  163   -1  146
  163   15    7   34   44  477  295    0    0  162  164  170  147
  164   16    7   34   44  509  295    0    0  163  165  171  148
  165   17    7   34   44  541  295    0    0  164  166  172  149
  166   18    7   34   44  573  295    0    0  165  167  173  150
  167   19    7   34   44  605  295    0    1  166  168   -1  151
  168   20    7   34   44  637  295    1    1  167   -1   -1  152
  169   13    8   34   44  413  337    2    1   -1   -1   -1  161
  170   15    8   34   44  477  337   -1    1   -1  171   -1  163
  171   16    8   34   44  509  337    0    1  170  172   -1  164
  172   17    8   34   44  541  337    0    1  171  173   -1  165
  173   18    8   34   44  573  337    1    1  172   -1   -1  166
