    0   22    0   28   33  573    1   -1   -1   -1    1   14   -1
    1   23    0   29   33  599    1    0   -1    0    2   15   -1
    2   24    0   29   33  626    1    0   -1    1    3   16   -1
    3   25    0   29   33  653    1    0   -1    2    4   17   -1
    4   26    0   29   33  680    1    1   -1    3   -1   18   -1
    5   32    0   29   33  842    1   -1   -1   -1    6   24   -1
    6   33    0   29   33  869    1    0   -1    5    7   25   -1
    7   34    0   29   33  896    1    0   -1    6    8   26   -1
    8   35    0   29   33  923    1    0   -1    7    9   27   -1
    9   36    0   29   33  950    1    0   -1    8   10   28   -1
   10   37    0   29   33  977    1    0   -1    9   11   29   -1
   11   38    0   29   33 1004    1    0   -1   10   12   30   -1
   12   39    0   29   33 1031    1    1   -1   11   -1   31   -1
   13   21    1   28   33  547   32   -1   -1   -1   14   38   -1
   14   22    1   28   33  573   32    0    0   13   15   39    0
   15   23    1   29   33  599   32    0    0   14   16   40    1
   16   24    1   29   33  626   32    0    0   15   17   41    2
   17   25    1   29   33  653   32    0    0   16   18   42    3
   18   26    1   29   33  680   32    0    0   17   19   43    4
   19   27    1   29   33  707   32    0   -1   18   20   44   -1
   20   28    1   29   33  734   32    0   -1   19   21   45   -1
   21   29    1   29   33  761   32    0   -1   20   22   46   -1
   22   30    1   29   33  788   32    0   -1   21   23   47   -1
   23   31    1   29   33  815   32    0   -1   22   24   48   -1
   24   32    1   29   33  842   32    0    0   23   25   49    5
   25   33    1   29   33  869   32    0    0   24   26   50    6
   26   34    1   29   33  896   32    0    0   25   27   51    7
   27   35    1   29   33  923   32    0    0   26   28   52    8
   28   36    1   29   33  950   32    0    0   27   29   53    9
   29   37    1   29   33  977   32    0    0   28   30   54   10
   30   38    1   29   33 1004   32    0    0   29   31   55   11
   31   39    1   29   33 1031   32    1    0   30   -1   56   12
   32    0    2   28   33    1   63   -1   -1   -1   33   58   -1
   33    1    2   28   33   27   63    1   -1   32   -1   59   -1
   34   17    2   28   33  443   63   -1   -1   -1   35   65   -1
   35   18    2   28   33  469   63    0   -1   34   36   66   -1
   36   19    2   28   33  495   63    0   -1   35   37   67   -1
   37   20    2   28   33  521   63    0   -1   36   38   68   -1
   38   21    2   28   33  547   63    0    0   37   39   69   13
   39   22    2   28   33  573   63    0    0   38   40   70   14
   40   23    2   29   33  599   63    0    0   39   41   71   15
   41   24    2   29   33  626   63    0    0   40   42   72   16
   42   25    2   29   33  653   63    0    0   41   43   73   17
   43   26    2   29   33  680   63    0    0   42   44   74   18
   44   27    2   29   33  707   63    0    0   43   45   75   19
   45   28    2   29   33  734   63    0    0   44   46   76   20
   46   29    2   29   33  761   63    0    0   45   47   77   21
   47   30    2   29   33  788   63    0    0   46   48   78   22
   48   31    2   29   33  815   63    0    0   47   49   79   23
   49   32    2   29   33  842   63    0    0   48   50   80   24
   50   33    2   29   33  869   63    0    0   49   51   81   25
   51   34    2   29   33  896   63    0    0   50   52   82   26
   52   35    2   29   33  923   63    0    0   51   53   83   27
   53   36    2   29   33  950   63    0    0   52   54   84   28
   54   37    2   29   33  977   63    0    0   53   55   85   29
   55   38    2   29   33 1004   63    0    0   54   56   86   30
   56   39    2   29   33 1031   63    0    0   55   57   87   31
   57   40    2   28   33 1058   63    1   -1   56   -1   88   -1
   58    0    3   28   33    1   94   -1    0   -1   59   89   32
   59    1    3   28   33   27   94    0    0   58   60   90   33
   60    2    3   28   33   53   94    0   -1   59   61   91   -1
   61    3    3   28   33   79   94    0   -1   60   62   92   -1
   62    4    3   28   33  105   94    0   -1   61   63   93   -1
   63    5    3   28   33  131   94    0   -1   62   64   94   -1
   64    6    3   28   33  157   94    1   -1   63   -1   95   -1
   65   17    3   28   33  443   94   -1    0   -1   66  100   34
   66   18    3   28   33  469   94    0    0   65   67  101   35
   67   19    3   28   33  495   94    0    0   66   68  102   36
   68   20    3   28   33  521   94    0    0   67   69  103   37
   69   21    3   28   33  547   94    0    0   68   70  104   38
   70   22    3   28   33  573   94    0    0   69   71  105   39
   71   23    3   29   33  599   94    0    0   70   72  106   40
   72   24    3   29   33  626   94    0    0   71   73  107   41
   73   25    3   29   33  653   94    0    0   72   74  108   42
   74   26    3   29   33  680   94    0    0   73   75  109   43
   75   27    3   29   33  707   94    0    0   74   76  110   44
   76   28    3   29   33  734   94    0    0   75   77  111   45
   77   29    3   29   33  761   94    0    0   76   78  112   46
   78   30    3   29   33  788   94    0    0   77   79  113   47
   79   31    3   29   33  815   94    0    0   78   80  114   48
   80   32    3   29   33  842   94    0    0   79   81  115   49
   81   33    3   29   33  869   94    0    0   80   82  116   50
   82   34    3   29   33  896   94    0    0   81   83  117   51
   83   35    3   29   33  923   94    0    0   82   84  118   52
   84   36    3   29   33  950   94    0    0   83   85  119   53
   85   37    3   29   33  977   94    0    0   84   86  120   54
   86   38    3   29   33 1004   94    0    0   85   87  121   55
   87   39    3   29   33 1031   94    0    0   86   88  122   56
   88   40    3   28   33 1058   94    1    0   87   -1  123   57
   89    0    4   28   33    1  125   -1    0   -1   90  124   58
   90    1    4   28   33   27  125    0    0   89   91  125   59
   91    2    4   28   33   53  125    0    0   90   92  126   60
   92    3    4   28   33   79  125    0    1   91   93   -1   61
   93    4    4   28   33  105  125    0    0   92   94  127   62
   94    5    4   28   33  131  125    0    0   93   95  128   63
   95    6    4   28   33  157  125    0    0   94   96  129   64
   96    7    4   28   33  183  125    0   -1   95   97  130   -1
   97    8    4   28   33  209  125    0   -1   96   98  131   -1
   98    9    4   28   33  235  125    0   -1   97   99  132   -1
   99   10    4   28   33  261  125    1   -1   98   -1  133   -1
  100   17    4   28   33  443  125   -1    0   -1  101  140   65
  101   18    4   28   33  469  125    0    0  100  102  141   66
  102   19    4   28   33  495  125    0    0  101  103  142   67
  103   20    4   28   33  521  125    0    0  102  104  143   68
  104   21    4   28   33  547  125    0    0  103  105  144   69
  105   22    4   28   33  573  125    0    0  104  106  145   70
  106   23    4   29   33  599  125    0    0  105  107  146   71
  107   24    4   29   33  626  125    0    0  106  108  147   72
  108   25    4   29   33  653  125    0    0  107  109  148   73
  109   26    4   29   33  680  125    0    0  108  110  149   74
  110   27    4   29   33  707  125    0    0  109  111  150   75
  111   28    4   29   33  734  125    0    0  110  112  151   76
  112   29    4   29   33  761  125    0    0  111  113  152   77
  113   30    4   29   33  788  125    0    0  112  114  153   78
  114   31    4   29   33  815  125    0    0  113  115  154   79
  115   32    4   29   33  842  125    0    0  114  116  155   80
  116   33    4   29   33  869  125    0    0  115  117  156   81
  117   34    4   29   33  896  125    0    0  116  118  157   82
  118   35    4   29   33  923  125    0    0  117  119  158   83
  119   36    4   29   33  950  125    0    0  118  120  159   84
  120   37    4   29   33  977  125    0    1  119  121   -1   85
  121   38    4   29   33 1004  125    0    1  120  122   -1   86
  122   39    4   29   33 1031  125    0    0  121  123  160   87
  123   40    4   28   33 1058  125    1    0  122   -1  161   88
  124    0    5   28   34    1  156   -1    1   -1  125   -1   89
  125    1    5   28   34   27  156    0    1  124  126   -1   90
  126    2    5   28   34   53  156    1    1  125   -1   -1   91
  127    4    5   28   34  105  156   -1    1   -1  128   -1   93
  128    5    5   28   34  131  156    0    1  127  129   -1   94
  129    6    5   28   34  157  156    0    1  128  130   -1   95
  130    7    5   28   34  183  156    0    0  129  131  162   96
  131    8    5   28   34  209  156    0    0  130  132  163   97
  132    9    5   28   34  235  156    0    0  131  133  164   98
  133   10    5   28   34  261  156    0    0  132  134  165   99
  134   11    5   28   34  287  156    0   -1  133  135  166   -1
  135   12    5   28   34  313  156    0   -1  134  136  167   -1
  136   13    5   28   34  339  156    0   -1  135  137  168   -1
  137   14    5   28   34  365  156    0   -1  136  138  169   -1
  138   15    5   28   34  391  156    0   -1  137  139  170   -1
  139   16    5   28   34  417  156    0   -1  138  140  171   -1
  140   17    5   28   34  443  156    0    0  139  141  172  100
  141   18    5   28   34  469  156    0    0  140  142  173  101
  142   19    5   28   34  495  156    0    0  141  143  174  102
  143   20    5   28   34  521  156    0    0  142  144  175  103
  144   21    5   28   34  547  156    0    0  143  145  176  104
  145   22    5   28   34  573  156    0    0  144  146  177  105
  146   23    5   29   34  599  156    0    0  145  147  178  106
  147   24    5   29   34  626  156    0    0  146  148  179  107
  148   25    5   29   34  653  156    0    0  147  149  180  108
  149   26    5   29   34  680  156    0    0  148  150  181  109
  150   27    5   29   34  707  156    0    0  149  151  182  110
  151   28    5   29   34  734  156    0    0  150  152  183  111
  152   29    5   29   34  761  156    0    0  151  153  184  112
  153   30    5   29   34  788  156    0    0  152  154  185  113
  154   31    5   29   34  815  156    0    0  153  155  186  114
  155   32    5   29   34  842  156    0    0  154  156  187  115
  156   33    5   29   34  869  156    0    1  155  157   -1  116
  157   34    5   29   34  896  156    0    1  156  158   -1  117
  158   35    5   29   34  923  156    0    1  157  159   -1  118
  159   36    5   29   34  950  156    1    1  158   -1   -1  119
  160   39    5   29   34 1031  156   -1    1   -1  161   -1  122
  161   40    5   28   34 1058  156    1    1  160   -1   -1  123
  162    7    6   28   34  183  188   -1    0   -1  163  188  130
  163    8    6   28   34  209  188    0    0  162  164  189  131
  164    9    6   28   34  235  188    0    0  163  165  190  132
  165   10    6   28   34  261  188    0    0  164  166  191  133
  166   11    6   28   34  287  188    0    0  165  167  192  134
  167   12    6   28   34  313  188    0    0  166  168  193  135
  168   13    6   28   34  339  188    0    0  167  169  194  136
  169   14    6   28   34  365  188    0    0  168  170  195  137
  170   15    6   28   34  391  188    0    0  169  171  196  138
  171   16    6   28   34  417  188    0    0  170  172  197  139
  172   17    6   28   34  443  188    0    0  171  173  198  140
  173   18    6   28   34  469  188    0    0  172  174  199  141
  174   19    6   28   34  495  188    0    0  173  175  200  142
  175   20    6   28   34  521  188    0    0  174  176  201  143
  176   21    6   28   34  547  188    0    0  175  177  202  144
  177   22    6   28   34  573  188    0    0  176  178  203  145
  178   23    6   29   34  599  188    0    0  177  179  204  146
  179   24    6   29   34  626  188    0    0  178  180  205  147
  180   25    6   29   34  653  188    0    0  179  181  206  148
  181   26    6   29   34  680  188    0    0  180  182  207  149
  182   27    6   29   34  707  188    0    1  181  183   -1  150
  183   28    6   29   34  734  188    0    0  182  184  208  151
  184   29    6   29   34  761  188    0    0  183  185  209  152
  185   30    6   29   34  788  188    0    0  184  186  210  153
  186   31    6   29   34  815  188    0    0  185  187  211  154
  187   32    6   29   34  842  188    1    0  186   -1  212  155
  188    7    7   28   34  183  220   -1    1   -1  189   -1  162
  189    8    7   28   34  209  220    0    0  188  190  213  163
  190    9    7   28   34  235  220    0    0  189  191  214  164
  191   10    7   28   34  261  220    0    0  190  192  215  165
  192   11    7   28   34  287  220    0    0  191  193  216  166
  193   12    7   28   34  313  220    0    0  192  194  217  167
  194   13    7   28   34  339  220    0    0  193  195  218  168
  195   14    7   28   34  365  220    0    0  194  196  219  169
  196   15    7   28   34  391  220    0    0  195  197  220  170
  197   16    7   28   34  417  220    0    0  196  198  221  171
  198   17    7   28   34  443  220    0    0  197  199  222  172
  199   18    7   28   34  469  220    0    0  198  200  223  173
  200   19    7   28   34  495  220    0    0  199  201  224  174
  201   20    7   28   34  521  220    0    0  200  202  225  175
  202   21    7   28   34  547  220    0    0  201  203  226  176
  203   22    7   28   34  573  220    0    0  202  204  227  177
  204   23    7   29   34  599  220    0    0  203  205  228  178
  205   24    7   29   34  626  220    0    0  204  206  229  179
  206   25    7   29   34  653  220    0    0  205  207  230  180
  207   26    7   29   34  680  220    1    0  206   -1  231  181
  208   28    7   29   34  734  220   -1    1   -1  209   -1  183
  209   29    7   29   34  761  220    0    0  208  210  232  184
  210   30    7   29   34  788  220    0    0  209  211  233  185
  211   31    7   29   34  815  220    0    0  210  212  234  186
  212   32    7   29   34  842  220    1    1  211   -1   -1  187
  213    8    8   28   34  209  252   -1    1   -1  214   -1  189
  214    9    8   28   34  235  252    0    1  213  215   -1  190
  215   10    8   28   34  261  252    0    1  214  216   -1  191
  216   11    8   28   34  287  252    0    0  215  217  235  192
  217   12    8   28   34  313  252    0    0  216  218  236  193
  218   13    8   28   34  339  252    0    0  217  219  237  194
  219   14    8   28   34  365  252    0    0  218  220  238  195
  220   15    8   28   34  391  252    0    0  219  221  239  196
  221   16    8   28   34  417  252    0    0  220  222  240  197
  222   17    8   28   34  443  252    0    0  221  223  241  198
  223   18    8   28   34  469  252    0    0  222  224  242  199
  224   19    8   28   34  495  252    0    0  223  225  243  200
  225   20    8   28   34  521  252    0    0  224  226  244  201
  226   21    8   28   34  547  252    0    0  225  227  245  202
  227   22    8   28   34  573  252    0    0  226  228  246  203
  228   23    8   29   34  599  252    0    0  227  229  247  204
  229   24    8   29   34  626  252    0    0  228  230  248  205
  230   25    8   29   34  653  252    0    0  229  231  249  206
  231   26    8   29   34  680  252    1    1  230   -1   -1  207
  232   29    8   29   34  761  252   -1    1   -1  233   -1  209
  233   30    8   29   34  788  252    0    1  232  234   -1  210
  234   31    8   29   34  815  252    1    1  233   -1   -1  211
  235   11    9   28   34  287  284   -1    0   -1  236  250  216
  236   12    9   28   34  313  284    0    0  235  237  251  217
  237   13    9   28   34  339  284    0    0  236  238  252  218
  238   14    9   28   34  365  284    0    0  237  239  253  219
  239   15    9   28   34  391  284    0    0  238  240  254  220
  240   16    9   28   34  417  284    0    0  239  241  255  221
  241   17    9   28   34  443  284    0    0  240  242  256  222
  242   18    9   28   34  469  284    0    1  241  243   -1  223
  243   19    9   28   34  495  284    0    0  242  244  257  224
  244   20    9   28   34  521  284    0    0  243  245  258  225
  245   21    9   28   34  547  284    0    0  244  246  259  226
  246   22    9   28   34  573  284    0    0  245  247  260  227
  247   23    9   29   34  599  284    0    0  246  248  261  228
  248   24    9   29   34  626  284    0    1  247  249   -1  229
  249   25    9   29   34  653  284    1    1  248   -1   -1  230
  250   11   10   28   34  287  316   -1    1   -1  251   -1  235
  251   12   10   28   34  313  316    0    1  250  252   -1  236
  252   13   10   28   34  339  316    0    1  251  253   -1  237
  253   14   10   28   34  365  316    0    1  252  254   -1  238
  254   15   10   28   34  391  316    0    1  253  255   -1  239
  255   16   10   28   34  417  316    0    1  254  256   -1  240
  256   17   10   28   34  443  316    1    1  255   -1   -1  241
  257   19   10   28   34  495  316   -1    0   -1  258  262  243
  258   20   10   28   34  521  316    0    0  257  259  263  244
  259   21   10   28   34  547  316    0    0  258  260  264  245
  260   22   10   28   34  573  316    0    1  259  261   -1  246
  261   23   10   29   34  599  316    1    1  260   -1   -1  247
  262   19   11   28   33  495  348   -1    1   -1  263   -1  257
  263   20   11   28   33  521  348    0    1  262  264   -1  258
  264   21   11   28   33  547  348    1    1  263   -1   -1  259
