    0   16    0   38   33  577    1   -1   -1   -1    1   11   -1
    1   17    0   38   33  613    1    0   -1    0    2   12   -1
    2   18    0   38   33  649    1    0   -1    1    3   13   -1
    3   19    0   38   33  685    1    1   -1    2   -1   14   -1
    4   23    0   38   33  829    1   -1   -1   -1    5   17   -1
    5   24    0   38   33  865    1    0   -1    4    6   18   -1
    6   25    0   38   33  901    1    0   -1    5    7   19   -1
    7   26    0   39   33  937    1    0   -1    6    8   20   -1
    8   27    0   39   33  974    1    0   -1    7    9   21   -1
    9   28    0   39   33 1011    1    1   -1    8   -1   22   -1
   10   15    1   38   33  541   32   -1   -1   -1   11   29   -1
   11   16    1   38   33  577   32    0    0   10   12   30    0
   12   17    1   38   33  613   32    0    0   11   13   31    1
   13   18    1   38   33  649   32    0    0   12   14   32    2
   14   19    1   38   33  685   32    1    0   13   -1   33    3
   15   21    1   38   33  757   32   -1   -1   -1   16   35   -1
   16   22    1   38   33  793   32    0   -1   15   17   36   -1
   17   23    1   38   33  829   32    0    0   16   18   37    4
   18   24    1   38   33  865   32    0    0   17   19   38    5
   19   25    1   38   33  901   32    0    0   18   20   39    6
   20   26    1   39   33  937   32    0    0   19   21   40    7
   21   27    1   39   33  974   32    0    0   20   22   41    8
   22   28    1   39   33 1011   32    0    0   21   23   42    9
   23   29    1   38   33 1048   32    1   -1   22   -1   43   -1
   24    0    2   38   33    1   63   -1   -1   -1   25   44   -1
   25    1    2   38   33   37   63    1   -1   24   -1   45   -1
   26   12    2   38   33  433   63   -1   -1   -1   27   50   -1
   27   13    2   38   33  469   63    0   -1   26   28   51   -1
   28   14    2   38   33  505   63    0   -1   27   29   52   -1
   29   15    2   38   33  541   63    0    0   28   30   53   10
   30   16    2   38   33  577   63    0    0   29   31   54   11
   31   17    2   38   33  613   63    0    0   30   32   55   12
   32   18    2   38   33  649   63    0    0   31   33   56   13
   33   19    2   38   33  685   63    0    0   32   34   57   14
   34   20    2   38   33  721   63    0   -1   33   35   58   -1
   35   21    2   38   33  757   63    0    0   34   36   59   15
   36   22    2   38   33  793   63    0    0   35   37   60   16
   37   23    2   38   33  829   63    0    0   36   38   61   17
   38   24    2   38   33  865   63    0    0   37   39   62   18
   39   25    2   38   33  901   63    0    0   38   40   63   19
   40   26    2   39   33  937   63    0    0   39   41   64   20
   41   27    2   39   33  974   63    0    0   40   42   65   21
   42   28    2   39   33 1011   63    0    0   41   43   66   22
   43   29    2   38   33 1048   63    1    0   42   -1   67   23
   44    0    3   38   33    1   94   -1    0   -1   45   68   24
   45    1    3   38   33   37   94    0    0   44   46   69   25
   46    2    3   38   33   73   94    0   -1   45   47   70   -1
   47    3    3   38   33  109   94    0   -1   46   48   71   -1
   48    4    3   38   33  145   94    0   -1   47   49   72   -1
   49    5    3   38   33  181   94    1   -1   48   -1   73   -1
   50   12    3   38   33  433   94   -1    0   -1   51   76   26
   51   13    3   38   33  469   94    0    0   50   52   77   27
   52   14    3   38   33  505   94    0    0   51   53   78   28
   53   15    3   38   33  541   94    0    0   52   54   79   29
   54   16    3   38   33  577   94    0    0   53   55   80   30
   55   17    3   38   33  613   94    0    0   54   56   81   31
   56   18    3   38   33  649   94    0    0   55   57   82   32
   57   19    3   38   33  685   94    0    0   56   58   83   33
   58   20    3   38   33  721   94    0    0   57   59   84   34
   59   21    3   38   33  757   94    0    0   58   60   85   35
   60   22    3   38   33  793   94    0    0   59   61   86   36
   61   23    3   38   33  829   94    0    0   60   62   87   37
   62   24    3   38   33  865   94    0    0   61   63   88   38
   63   25    3   38   33  901   94    0    0   62   64   89   39
   64   26    3   39   33  937   94    0    0   63   65   90   40
   65   27    3   39   33  974   94    0    0   64   66   91   41
   66   28    3   39   33 1011   94    0    0   65   67   92   42
   67   29    3   38   33 1048   94    1    0   66   -1   93   43
   68    0    4   38   33    1  125   -1    0   -1   69   94   44
   69    1    4   38   33   37  125    0    0   68   70   95   45
   70    2    4   38   33   73  125    0    0   69   71   96   46
   71    3    4   38   33  109  125    0    0   70   72   97   47
   72    4    4   38   33  145  125    0    0   71   73   98   48
   73    5    4   38   33  181  125    0    0   72   74   99   49
   74    6    4   38   33  217  125    0   -1   73   75  100   -1
   75    7    4   38   33  253  125    1   -1   74   -1  101   -1
   76   12    4   38   33  433  125   -1    0   -1   77  106   50
   77   13    4   38   33  469  125    0    0   76   78  107   51
   78   14    4   38   33  505  125    0    0   77   79  108   52
   79   15    4   38   33  541  125    0    0   78   80  109   53
   80   16    4   38   33  577  125    0    0   79   81  110   54
   81   17    4   38   33  613  125    0    0   80   82  111   55
   82   18    4   38   33  649  125    0    0   81   83  112   56
   83   19    4   38   33  685  125    0    0   82   84  113   57
   84   20    4   38   33  721  125    0    0   83   85  114   58
   85   21    4   38   33  757  125    0    0   84   86  115   59
   86   22    4   38   33  793  125    0    0   85   87  116   60
   87   23    4   38   33  829  125    0    0   86   88  117   61
   88   24    4   38   33  865  125    0    0   87   89  118   62
   89   25    4   38   33  901  125    0    0   88   90  119   63
   90   26    4   39   33  937  125    0    0   89   91  120   64
   91   27    4   39   33  974  125    0    1   90   92   -1   65
   92   28    4   39   33 1011  125    0    0   91   93  121   66
   93   29    4   38   33 1048  125    1    0   92   -1  122   67
   94    0    5   38   34    1  156   -1    1   -1   95   -1   68
   95    1    5   38   34   37  156    0    1   94   96   -1   69
   96    2    5   38   34   73  156    0    1   95   97   -1   70
   97    3    5   38   34  109  156    0    1   96   98   -1   71
   98    4    5   38   34  145  156    0    1   97   99   -1   72
   99    5    5   38   34  181  156    0    0   98  100  123   73
  100    6    5   38   34  217  156    0    0   99  101  124   74
  101    7    5   38   34  253  156    0    0  100  102  125   75
  102    8    5   38   34  289  156    0   -1  101  103  126   -1
  103    9    5   38   34  325  156    0   -1  102  104  127   -1
  104   10    5   38   34  361  156    0   -1  103  105  128   -1
  105   11    5   38   34  397  156    0   -1  104  106  129   -1
  106   12    5   38   34  433  156    0    0  105  107  130   76
  107   13    5   38   34  469  156    0    0  106  108  131   77
  108   14    5   38   34  505  156    0    0  107  109  132   78
  109   15    5   38   34  541  156    0    0  108  110  133   79
  110   16    5   38   34  577  156    0    0  109  111  134   80
  111   17    5   38   34  613  156    0    0  110  112  135   81
  112   18    5   38   34  649  156    0    0  111  113  136   82
  113   19    5   38   34  685  156    0    0  112  114  137   83
  114   20    5   38   34  721  156    0    0  113  115  138   84
  115   21    5   38   34  757  156    0    0  114  116  139   85
  116   22    5   38   34  793  156    0    0  115  117  140   86
  117   23    5   38   34  829  156    0    0  116  118  141   87
  118   24    5   38   34  865  156    0    0  117  119  142   88
  119   25    5   38   34  901  156    0    1  118  120   -1   89
  120   26    5   39   34  937  156    1    1  119   -1   -1   90
  121   28    5   39   34 1011  156   -1    1   -1  122   -1   92
  122   29    5   38   34 1048  156    1    1  121   -1   -1   93
  123    5    6   38   34  181  188   -1    0   -1  124  143   99
  124    6    6   38   34  217  188    0    0  123  125  144  100
  125    7    6   38   34  253  188    0    0  124  126  145  101
  126    8    6   38   34  289  188    0    0  125  127  146  102
  127    9    6   38   34  325  188    0    0  126  128  147  103
  128   10    6   38   34  361  188    0    0  127  129  148  104
  129   11    6   38   34  397  188    0    0  128  130  149  105
  130   12    6   38   34  433  188    0    0  129  131  150  106
  131   13    6   38   34  469  188    0    0  130  132  151  107
  132   14    6   38   34  505  188    0    0  131  133  152  108
  133   15    6   38   34  541  188    0    0  132  134  153  109
  134   16    6   38   34  577  188    0    0  133  135  154  110
  135   17    6   38   34  613  188    0    0  134  136  155  111
  136   18    6   38   34  649  188    0    0  135  137  156  112
  137   19    6   38   34  685  188    0    0  136  138  157  113
  138   20    6   38   34  721  188    0    0  137  139  158  114
  139   21    6   38   34  757  188    0    0  138  140  159  115
  140   22    6   38   34  793  188    0    0  139  141  160  116
  141   23    6   38   34  829  188    0    0  140  142  161  117
  142   24    6   38   34  865  188    1    1  141   -1   -1  118
  143    5    7   38   34  181  220   -1    1   -1  144   -1  123
  144    6    7   38   34  217  220    0    0  143  145  162  124
  145    7    7   38   34  253  220    0    0  144  146  163  125
  146    8    7   38   34  289  220    0    0  145  147  164  126
  147    9    7   38   34  325  220    0    0  146  148  165  127
  148   10    7   38   34  361  220    0    0  147  149  166  128
  149   11    7   38   34  397  220    0    0  148  150  167  129
  150   12    7   38   34  433  220    0    0  149  151  168  130
  151   13    7   38   34  469  220    0    0  150  152  169  131
  152   14    7   38   34  505  220    0    0  151  153  170  132
  153   15    7   38   34  541  220    0    0  152  154  171  133
  154   16    7   38   34  577  220    0    0  153  155  172  134
  155   17    7   38   34  613  220    0    0  154  156  173  135
  156   18    7   38   34  649  220    0    0  155  157  174  136
  157   19    7   38   34  685  220    0    1  156  158   -1  137
  158   20    7   38   34  721  220    0    1  157  159   -1  138
  159   21    7   38   34  757  220    0    0  158  160  175  139
  160   22    7   38   34  793  220    0    0  159  161  176  140
  161   23    7   38   34  829  220    1    0  160   -1  177  141
  162    6    8   38   34  217  252   -1    1   -1  163   -1  144
  163    7    8   38   34  253  252    0    0  162  164  178  145
  164    8    8   38   34  289  252    0    0  163  165  179  146
  165    9    8   38   34  325  252    0    0  164  166  180  147
  166   10    8   38   34  361  252    0    0  165  167  181  148
  167   11    8   38   34  397  252    0    0  166  168  182  149
  168   12    8   38   34  433  252    0    0  167  169  183  150
  169   13    8   38   34  469  252    0    0  168  170  184  151
  170   14    8   38   34  505  252    0    1  169  171   -1  152
  171   15    8   38   34  541  252    0    0  170  172  185  153
  172   16    8   38   34  577  252    0    0  171  173  186  154
  173   17    8   38   34  613  252    0    0  172  174  187  155
  174   18    8   38   34  649  252    1    0  173   -1  188  156
  175   21    8   38   34  757  252   -1    1   -1  176   -1  159
  176   22    8   38   34  793  252    0    1  175  177   -1  160
  177   23    8   38   34  829  252    1    1  176   -1   -1  161
  178    7    9   38   34  253  284   -1    1   -1  179   -1  163
  179    8    9   38   34  289  284    0    0  178  180  189  164
  180    9    9   38   34  325  284    0    0  179  181  190  165
  181   10    9   38   34  361  284    0    0  180  182  191  166
  182   11    9   38   34  397  284    0    0  181  183  192  167
  183   12    9   38   34  433  284    0    0  182  184  193  168
  184   13    9   38   34  469  284    1    1  183   -1   -1  169
  185   15    9   38   34  541  284   -1    0   -1  186  195  171
  186   16    9   38   34  577  284    0    0  185  187  196  172
  187   17    9   38   34  613  284    0    0  186  188  197  173
  188   18    9   38   34  649  284    1    1  187   -1   -1  174
  189    8   10   38   34  289  316   -1    1   -1  190   -1  179
  190    9   10   38   34  325  316    0    1  189  191   -1  180
  191   10   10   38   34  361  316    0    1  190  192   -1  181
  192   11   10   38   34  397  316    0    1  191  193   -1  182
  193   12   10   38   34  433  316    1    1  192   -1   -1  183
  194   14   10   38   34  505  316   -1   -1   -1  195  198   -1
  195   15   10   38   34  541  316    0    0  194  196  199  185
  196   16   10   38   34  577  316    0    1  195  197   -1  186
  197   17   10   38   34  613  316    1    1  196   -1   -1  187
  198   14   11   38   33  505  348   -1    1   -1  199   -1  194
  199   15   11   38   33  541  348    1    1  198   -1   -1  195
