    0   29    0   23   31  581    1   -1   -1   -1    1   16   -1
    1   30    0   23   31  602    1    0   -1    0    2   17   -1
    2   31    0   23   31  623    1    0   -1    1    3   18   -1
    3   32    0   23   31  644    1    0   -1    2    4   19   -1
    4   33    0   23   31  665    1    0   -1    3    5   20   -1
    5   34    0   23   31  686    1    1   -1    4   -1   21   -1
    6   42    0   23   31  854    1   -1   -1   -1    7   28   -1
    7   43    0   23   31  875    1    0   -1    6    8   29   -1
    8   44    0   23   31  896    1    0   -1    7    9   30   -1
    9   45    0   23   31  917    1    0   -1    8   10   31   -1
   10   46    0   23   31  938    1    1   -1    9   -1   32   -1
   11   48    0   23   31  980    1   -1   -1   -1   12   34   -1
   12   49    0   23   31 1001    1    0   -1   11   13   35   -1
   13   50    0   23   31 1022    1    1   -1   12   -1   36   -1
   14   27    1   22   31  541   30   -1   -1   -1   15   46   -1
   15   28    1   22   31  561   30    0   -1   14   16   47   -1
   16   29    1   23   31  581   30    0    0   15   17   48    0
   17   30    1   23   31  602   30    0    0   16   18   49    1
   18   31    1   23   31  623   30    0    0   17   19   50    2
   19   32    1   23   31  644   30    0    0   18   20   51    3
   20   33    1   23   31  665   30    0    0   19   21   52    4
   21   34    1   23   31  686   30    0    0   20   22   53    5
   22   35    1   23   31  707   30    1   -1   21   -1   54   -1
   23   37    1   23   31  749   30   -1   -1   -1   24   56   -1
   24   38    1   23   31  770   30    0   -1   23   25   57   -1
   25   39    1   23   31  791   30    0   -1   24   26   58   -1
   26   40    1   23   31  812   30    0   -1   25   27   59   -1
   27   41    1   23   31  833   30    0   -1   26   28   60   -1
   28   42    1   23   31  854   30    0    0   27   29   61    6
   29   43    1   23   31  875   30    0    0   28   30   62    7
   30   44    1   23   31  896   30    0    0   29   31   63    8
   31   45    1   23   31  917   30    0    0   30   32   64    9
   32   46    1   23   31  938   30    0    0   31   33   65   10
   33   47    1   23   31  959   30    0   -1   32   34   66   -1
   34   48    1   23   31  980   30    0    0   33   35   67   11
   35   49    1   23   31 1001   30    0    0   34   36   68   12
   36   50    1   23   31 1022   30    0    0   35   37   69   13
   37   51    1   23   31 1043   30    1   -1   36   -1   70   -1
   38    0    2   22   31    1   59   -1   -1   -1   39   72   -1
   39    1    2   22   31   21   59    0   -1   38   40   73   -1
   40    2    2   22   31   41   59    1   -1   39   -1   74   -1
   41   22    2   22   31  441   59   -1   -1   -1   42   76   -1
   42   23    2   22   31  461   59    0   -1   41   43   77   -1
   43   24    2   22   31  481   59    0   -1   42   44   78   -1
   44   25    2   22   31  501   59    0   -1   43   45   79   -1
   45   26    2   22   31  521   59    0   -1   44   46   80   -1
   46   27    2   22   31  541   59    0    0   45   47   81   14
   47   28    2   22   31  561   59    0    0   46   48   82   15
   48   29    2   23   31  581   59    0    0   47   49   83   16
   49   30    2   23   31  602   59    0    0   48   50   84   17
   50   31    2   23   31  623   59    0    0   49   51   85   18
   51   32    2   23   31  644   59    0    0   50   52   86   19
   52   33    2   23   31  665   59    0    0   51   53   87   20
   53   34    2   23   31  686   59    0    0   52   54   88   21
   54   35    2   23   31  707   59    0    0   53   55   89   22
   55   36    2   23   31  728   59    0   -1   54   56   90   -1
   56   37    2   23   31  749   59    0    0   55   57   91   23
   57   38    2   23   31  770   59    0    0   56   58   92   24
   58   39    2   23   31  791   59    0    0   57   59   93   25
   59   40    2   23   31  812   59    0    0   58   60   94   26
   60   41    2   23   31  833   59    0    0   59   61   95   27
   61   42    2   23   31  854   59    0    0   60   62   96   28
   62   43    2   23   31  875   59    0    0   61   63   97   29
   63   44    2   23   31  896   59    0    0   62   64   98   30
   64   45    2   23   31  917   59    0    0   63   65   99   31
   65   46    2   23   31  938   59    0    0   64   66  100   32
   66   47    2   23   31  959   59    0    0   65   67  101   33
   67   48    2   23   31  980   59    0    0   66   68  102   34
   68   49    2   23   31 1001   59    0    0   67   69  103   35
   69   50    2   23   31 1022   59    0    0   68   70  104   36
   70   51    2   23   31 1043   59    0    0   69   71  105   37
   71   52    2   22   31 1064   59    1   -1   70   -1  106   -1
   72    0    3   22   31    1   88   -1    0   -1   73  107   38
   73    1    3   22   31   21   88    0    0   72   74  108   39
   74    2    3   22   31   41   88    0    0   73   75  109   40
   75    3    3   22   31   61   88    1   -1   74   -1  110   -1
   76   22    3   22   31  441   88   -1    1   -1   77   -1   41
   77   23    3   22   31  461   88    0    0   76   78  119   42
   78   24    3   22   31  481   88    0    0   77   79  120   43
   79   25    3   22   31  501   88    0    0   78   80  121   44
   80   26    3   22   31  521   88    0    0   79   81  122   45
   81   27    3   22   31  541   88    0    0   80   82  123   46
   82   28    3   22   31  561   88    0    0   81   83  124   47
   83   29    3   23   31  581   88    0    0   82   84  125   48
   84   30    3   23   31  602   88    0    0   83   85  126   49
   85   31    3   23   31  623   88    0    0   84   86  127   50
   86   32    3   23   31  644   88    0    0   85   87  128   51
   87   33    3   23   31  665   88    0    0   86   88  129   52
   88   34    3   23   31  686   88    0    0   87   89  130   53
   89   35    3   23   31  707   88    0    0   88   90  131   54
   90   36    3   23   31  728   88    0    0   89   91  132   55
   91   37    3   23   31  749   88    0    0   90   92  133   56
   92   38    3   23   31  770   88    0    0   91   93  134   57
   93   39    3   23   31  791   88    0    0   92   94  135   58
   94   40    3   23   31  812   88    0    0   93   95  136   59
   95   41    3   23   31  833   88    0    0   94   96  137   60
   96   42    3   23   31  854   88    0    0   95   97  138   61
   97   43    3   23   31  875   88    0    0   96   98  139   62
   98   44    3   23   31  896   88    0    0   97   99  140   63
   99   45    3   23   31  917   88    0    0   98  100  141   64
  100   46    3   23   31  938   88    0    0   99  101  142   65
  101   47    3   23   31  959   88    0    0  100  102  143   66
  102   48    3   23   31  980   88    0    0  101  103  144   67
  103   49    3   23   31 1001   88    0    0  102  104  145   68
  104   50    3   23   31 1022   88    0    0  103  105  146   69
  105   51    3   23   31 1043   88    0    0  104  106  147   70
  106   52    3   22   31 1064   88    1    0  105   -1  148   71
  107    0    4   22   31    1  117   -1    0   -1  108  149   72
  108    1    4   22   31   21  117    0    0  107  109  150   73
  109    2    4   22   31   41  117    0    0  108  110  151   74
  110    3    4   22   31   61  117    0    0  109  111  152   75
  111    4    4   22   31   81  117    0   -1  110  112  153   -1
  112    5    4   22   31  101  117    0   -1  111  113  154   -1
  113    6    4   22   31  121  117    0   -1  112  114  155   -1
  114    7    4   22   31  141  117    0   -1  113  115  156   -1
  115    8    4   22   31  161  117    0   -1  114  116  157   -1
  116    9    4   22   31  181  117    0   -1  115  117  158   -1
  117   10    4   22   31  201  117    0   -1  116  118  159   -1
  118   11    4   22   31  221  117    1   -1  117   -1  160   -1
  119   23    4   22   31  461  117   -1    0   -1  120  172   77
  120   24    4   22   31  481  117    0    0  119  121  173   78
  121   25    4   22   31  501  117    0    0  120  122  174   79
  122   26    4   22   31  521  117    0    0  121  123  175   80
  123   27    4   22   31  541  117    0    0  122  124  176   81
  124   28    4   22   31  561  117    0    0  123  125  177   82
  125   29    4   23   31  581  117    0    0  124  126  178   83
  126   30    4   23   31  602  117    0    0  125  127  179   84
  127   31    4   23   31  623  117    0    0  126  128  180   85
  128   32    4   23   31  644  117    0    0  127  129  181   86
  129   33    4   23   31  665  117    0    0  128  130  182   87
  130   34    4   23   31  686  117    0    0  129  131  183   88
  131   35    4   23   31  707  117    0    0  130  132  184   89
  132   36    4   23   31  728  117    0    0  131  133  185   90
  133   37    4   23   31  749  117    0    0  132  134  186   91
  134   38    4   23   31  770  117    0    0  133  135  187   92
  135   39    4   23   31  791  117    0    0  134  136  188   93
  136   40    4   23   31  812  117    0    0  135  137  189   94
  137   41    4   23   31  833  117    0    0  136  138  190   95
  138   42    4   23   31  854  117    0    0  137  139  191   96
  139   43    4   23   31  875  117    0    0  138  140  192   97
  140   44    4   23   31  896  117    0    0  139  141  193   98
  141   45    4   23   31  917  117    0    0  140  142  194   99
  142   46    4   23   31  938  117    0    0  141  143  195  100
  143   47    4   23   31  959  117    0    0  142  144  196  101
  144   48    4   23   31  980  117    0    0  143  145  197  102
  145   49    4   23   31 1001  117    0    1  144  146   -1  103
  146   50    4   23   31 1022  117    0    0  145  147  198  104
  147   51    4   23   31 1043  117    0    0  146  148  199  105
  148   52    4   22   31 1064  117    1    0  147   -1  200  106
  149    0    5   22   31    1  146   -1    1   -1  150   -1  107
  150    1    5   22   31   21  146    0    1  149  151   -1  108
  151    2    5   22   31   41  146    0    1  150  152   -1  109
  152    3    5   22   31   61  146    0    1  151  153   -1  110
  153    4    5   22   31   81  146    0    1  152  154   -1  111
  154    5    5   22   31  101  146    0    1  153  155   -1  112
  155    6    5   22   31  121  146    0    1  154  156   -1  113
  156    7    5   22   31  141  146    0    1  155  157   -1  114
  157    8    5   22   31  161  146    0    0  156  158  201  115
  158    9    5   22   31  181  146    0    0  157  159  202  116
  159   10    5   22   31  201  146    0    0  158  160  203  117
  160   11    5   22   31  221  146    0    0  159  161  204  118
  161   12    5   22   31  241  146    0   -1  160  162  205   -1
  162   13    5   22   31  261  146    0   -1  161  163  206   -1
  163   14    5   22   31  281  146    0   -1  162  164  207   -1
  164   15    5   22   31  301  146    0   -1  163  165  208   -1
  165   16    5   22   31  321  146    0   -1  164  166  209   -1
  166   17    5   22   31  341  146    0   -1  165  167  210   -1
  167   18    5   22   31  361  146    0   -1  166  168  211   -1
  168   19    5   22   31  381  146    0   -1  167  169  212   -1
  169   20    5   22   31  401  146    0   -1  168  170  213   -1
  170   21    5   22   31  421  146    0   -1  169  171  214   -1
  171   22    5   22   31  441  146    0   -1  170  172  215   -1
  172   23    5   22   31  461  146    0    0  171  173  216  119
  173   24    5   22   31  481  146    0    0  172  174  217  120
  174   25    5   22   31  501  146    0    0  173  175  218  121
  175   26    5   22   31  521  146    0    0  174  176  219  122
  176   27    5   22   31  541  146    0    0  175  177  220  123
  177   28    5   22   31  561  146    0    0  176  178  221  124
  178   29    5   23   31  581  146    0    0  177  179  222  125
  179   30    5   23   31  602  146    0    0  178  180  223  126
  180   31    5   23   31  623  146    0    0  179  181  224  127
  181   32    5   23   31  644  146    0    0  180  182  225  128
  182   33    5   23   31  665  146    0    0  181  183  226  129
  183   34    5   23   31  686  146    0    0  182  184  227  130
  184   35    5   23   31  707  146    0    0  183  185  228  131
  185   36    5   23   31  728  146    0    0  184  186  229  132
  186   37    5   23   31  749  146    0    0  185  187  230  133
  187   38    5   23   31  770  146    0    0  186  188  231  134
  188   39    5   23   31  791  146    0    0  187  189  232  135
  189   40    5   23   31  812  146    0    0  188  190  233  136
  190   41    5   23   31  833  146    0    0  189  191  234  137
  191   42    5   23   31  854  146    0    0  190  192  235  138
  192   43    5   23   31  875  146    0    1  191  193   -1  139
  193   44    5   23   31  896  146    0    1  192  194   -1  140
  194   45    5   23   31  917  146    0    1  193  195   -1  141
  195   46    5   23   31  938  146    0    1  194  196   -1  142
  196   47    5   23   31  959  146    0    1  195  197   -1  143
  197   48    5   23   31  980  146    1    1  196   -1   -1  144
  198   50    5   23   31 1022  146   -1    1   -1  199   -1  146
  199   51    5   23   31 1043  146    0    1  198  200   -1  147
  200   52    5   22   31 1064  146    1    1  199   -1   -1  148
  201    8    6   22   31  161  175   -1    1   -1  202   -1  157
  202    9    6   22   31  181  175    0    1  201  203   -1  158
  203   10    6   22   31  201  175    0    0  202  204  236  159
  204   11    6   22   31  221  175    0    0  203  205  237  160
  205   12    6   22   31  241  175    0    0  204  206  238  161
  206   13    6   22   31  261  175    0    0  205  207  239  162
  207   14    6   22   31  281  175    0    0  206  208  240  163
  208   15    6   22   31  301  175    0    0  207  209  241  164
  209   16    6   22   31  321  175    0    0  208  210  242  165
  210   17    6   22   31  341  175    0    0  209  211  243  166
  211   18    6   22   31  361  175    0    0  210  212  244  167
  212   19    6   22   31  381  175    0    0  211  213  245  168
  213   20    6   22   31  401  175    0    0  212  214  246  169
  214   21    6   22   31  421  175    0    0  213  215  247  170
  215   22    6   22   31  441  175    0    0  214  216  248  171
  216   23    6   22   31  461  175    0    0  215  217  249  172
  217   24    6   22   31  481  175    0    0  216  218  250  173
  218   25    6   22   31  501  175    0    0  217  219  251  174
  219   26    6   22   31  521  175    0    0  218  220  252  175
  220   27    6   22   31  541  175    0    0  219  221  253  176
  221   28    6   22   31  561  175    0    0  220  222  254  177
  222   29    6   23   31  581  175    0    0  221  223  255  178
  223   30    6   23   31  602  175    0    0  222  224  256  179
  224   31    6   23   31  623  175    0    0  223  225  257  180
  225   32    6   23   31  644  175    0    0  224  226  258  181
  226   33    6   23   31  665  175    0    0  225  227  259  182
  227   34    6   23   31  686  175    0    0  226  228  260  183
  228   35    6   23   31  707  175    0    0  227  229  261  184
  229   36    6   23   31  728  175    0    1  228  230   -1  185
  230   37    6   23   31  749  175    0    0  229  231  262  186
  231   38    6   23   31  770  175    0    0  230  232  263  187
  232   39    6   23   31  791  175    0    0  231  233  264  188
  233   40    6   23   31  812  175    0    0  232  234  265  189
  234   41    6   23   31  833  175    0    0  233  235  266  190
  235   42    6   23   31  854  175    1    0  234   -1  267  191
  236   10    7   22   31  201  204   -1    0   -1  237  268  203
  237   11    7   22   31  221  204    0    0  236  238  269  204
  238   12    7   22   31  241  204    0    0  237  239  270  205
  239   13    7   22   31  261  204    0    0  238  240  271  206
  240   14    7   22   31  281  204    0    0  239  241  272  207
  241   15    7   22   31  301  204    0    0  240  242  273  208
  242   16    7   22   31  321  204    0    0  241  243  274  209
  243   17    7   22   31  341  204    0    0  242  244  275  210
  244   18    7   22   31  361  204    0    0  243  245  276  211
  245   19    7   22   31  381  204    0    0  244  246  277  212
  246   20    7   22   31  401  204    0    0  245  247  278  213
  247   21    7   22   31  421  204    0    0  246  248  279  214
  248   22    7   22   31  441  204    0    0  247  249  280  215
  249   23    7   22   31  461  204    0    0  248  250  281  216
  250   24    7   22   31  481  204    0    0  249  251  282  217
  251   25    7   22   31  501  204    0    0  250  252  283  218
  252   26    7   22   31  521  204    0    0  251  253  284  219
  253   27    7   22   31  541  204    0    0  252  254  285  220
  254   28    7   22   31  561  204    0    0  253  255  286  221
  255   29    7   23   31  581  204    0    0  254  256  287  222
  256   30    7   23   31  602  204    0    0  255  257  288  223
  257   31    7   23   31  623  204    0    0  256  258  289  224
  258   32    7   23   31  644  204    0    0  257  259  290  225
  259   33    7   23   31  665  204    0    0  258  260  291  226
  260   34    7   23   31  686  204    0    0  259  261  292  227
  261   35    7   23   31  707  204    1    1  260   -1   -1  228
  262   37    7   23   31  749  204   -1    0   -1  263  293  230
  263   38    7   23   31  770  204    0    0  262  264  294  231
  264   39    7   23   31  791  204    0    0  263  265  295  232
  265   40    7   23   31  812  204    0    0  264  266  296  233
  266   41    7   23   31  833  204    0    0  265  267  297  234
  267   42    7   23   31  854  204    1    0  266   -1  298  235
  268   10    8   22   31  201  233   -1    1   -1  269   -1  236
  269   11    8   22   31  221  233    0    1  268  270   -1  237
  270   12    8   22   31  241  233    0    0  269  271  299  238
  271   13    8   22   31  261  233    0    0  270  272  300  239
  272   14    8   22   31  281  233    0    0  271  273  301  240
  273   15    8   22   31  301  233    0    0  272  274  302  241
  274   16    8   22   31  321  233    0    0  273  275  303  242
  275   17    8   22   31  341  233    0    0  274  276  304  243
  276   18    8   22   31  361  233    0    0  275  277  305  244
  277   19    8   22   31  381  233    0    0  276  278  306  245
  278   20    8   22   31  401  233    0    0  277  279  307  246
  279   21    8   22   31  421  233    0    0  278  280  308  247
  280   22    8   22   31  441  233    0    0  279  281  309  248
  281   23    8   22   31  461  233    0    0  280  282  310  249
  282   24    8   22   31  481  233    0    0  281  283  311  250
  283   25    8   22   31  501  233    0    0  282  284  312  251
  284   26    8   22   31  521  233    0    0  283  285  313  252
  285   27    8   22   31  541  233    0    0  284  286  314  253
  286   28    8   22   31  561  233    0    0  285  287  315  254
  287   29    8   23   31  581  233    0    0  286  288  316  255
  288   30    8   23   31  602  233    0    0  287  289  317  256
  289   31    8   23   31  623  233    0    0  288  290  318  257
  290   32    8   23   31  644  233    0    0  289  291  319  258
  291   33    8   23   31  665  233    0    0  290  292  320  259
  292   34    8   23   31  686  233    1    1  291   -1   -1  260
  293   37    8   23   31  749  233   -1    1   -1  294   -1  262
  294   38    8   23   31  770  233    0    1  293  295   -1  263
  295   39    8   23   31  791  233    0    1  294  296   -1  264
  296   40    8   23   31  812  233    0    1  295  297   -1  265
  297   41    8   23   31  833  233    0    1  296  298   -1  266
  298   42    8   23   31  854  233    1    1  297   -1   -1  267
  299   12    9   22   31  241  262   -1    1   -1  300   -1  270
  300   13    9   22   31  261  262    0    1  299  301   -1  271
  301   14    9   22   31  281  262    0    0  300  302  321  272
  302   15    9   22   31  301  262    0    0  301  303  322  273
  303   16    9   22   31  321  262    0    0  302  304  323  274
  304   17    9   22   31  341  262    0    0  303  305  324  275
  305   18    9   22   31  361  262    0    0  304  306  325  276
  306   19    9   22   31  381  262    0    0  305  307  326  277
  307   20    9   22   31  401  262    0    0  306  308  327  278
  308   21    9   22   31  421  262    0    0  307  309  328  279
  309   22    9   22   31  441  262    0    0  308  310  329  280
  310   23    9   22   31  461  262    0    0  309  311  330  281
  311   24    9   22   31  481  262    0    0  310  312  331  282
  312   25    9   22   31  501  262    0    1  311  313   -1  283
  313   26    9   22   31  521  262    0    1  312  314   -1  284
  314   27    9   22   31  541  262    0    0  313  315  332  285
  315   28    9   22   31  561  262    0    0  314  316  333  286
  316   29    9   23   31  581  262    0    0  315  317  334  287
  317   30    9   23   31  602  262    0    0  316  318  335  288
  318   31    9   23   31  623  262    0    0  317  319  336  289
  319   32    9   23   31  644  262    0    0  318  320  337  290
  320   33    9   23   31  665  262    1    1  319   -1   -1  291
  321   14   10   22   31  281  291   -1    1   -1  322   -1  301
  322   15   10   22   31  301  291    0    0  321  323  338  302
  323   16   10   22   31  321  291    0    1  322  324   -1  303
  324   17   10   22   31  341  291    0    1  323  325   -1  304
  325   18   10   22   31  361  291    0    0  324  326  339  305
  326   19   10   22   31  381  291    0    0  325  327  340  306
  327   20   10   22   31  401  291    0    0  326  328  341  307
  328   21   10   22   31  421  291    0    0  327  329  342  308
  329   22   10   22   31  441  291    0    0  328  330  343  309
  330   23   10   22   31  461  291    0    0  329  331  344  310
  331   24   10   22   31  481  291    1    1  330   -1   -1  311
  332   27   10   22   31  541  291   -1    0   -1  333  347  314
  333   28   10   22   31  561  291    0    0  332  334  348  315
  334   29   10   23   31  581  291    0    0  333  335  349  316
  335   30   10   23   31  602  291    0    0  334  336  350  317
  336   31   10   23   31  623  291    0    1  335  337   -1  318
  337   32   10   23   31  644  291    1    1  336   -1   -1  319
  338   15   11   22   32  301  320    2    1   -1   -1   -1  322
  339   18   11   22   32  361  320   -1    1   -1  340   -1  325
  340   19   11   22   32  381  320    0    1  339  341   -1  326
  341   20   11   22   32  401  320    0    1  340  342   -1  327
  342   21   11   22   32  421  320    0    1  341  343   -1  328
  343   22   11   22   32  441  320    0    1  342  344   -1  329
  344   23   11   22   32  461  320    1    1  343   -1   -1  330
  345   25   11   22   32  501  320   -1   -1   -1  346  351   -1
  346   26   11   22   32  521  320    0   -1  345  347  352   -1
  347   27   11   22   32  541  320    0    0  346  348  353  332
  348   28   11   22   32  561  320    0    0  347  349  354  333
  349   29   11   23   32  581  320    0    1  348  350   -1  334
  350   30   11   23   32  602  320    1    1  349   -1   -1  335
  351   25   12   22   31  501  350   -1    1   -1  352   -1  345
  352   26   12   22   31  521  350    0    1  351  353   -1  346
  353   27   12   22   31  541  350    0    1  352  354   -1  347
  354   28   12   22   31  561  350    1    1  353   -1   -1  348
